45
9
5
5
5
5
9
5
25
5
9
7
7
7
7
8
7
10
5
13
13
5
8
7
5
5
5
5
12
51
51
53
51
5
9
15
51
45
9
17
17
9
7
5
9
45
9
5
27
14
23
51
12
16
23
19
53
8
9
8
8
13
8
5
9
11
13
8
21
9
10
20
25
19
6
5
5
28
11
5
30
6
6
10
37
12
5
5
5
5
5
5
5
5
5
16
15
11
7
14
15
5
7
9
5
5
20
15
6
6
6
10
9
5
9
6
5
10
5
8
5
15
7
6
17
5
23
45
5
42
8
12
5
9
21
6
15
5
11
17
16
23
11
5
11
16
15
5
5
6
42
5
21
11
17
6
8
5
7
7
13
13
5
5
5
27
5
7
9
5
13
9
13
14
13
5
5
6
11
6
11
5
5
5
5
5
5
5
5
5
5
5
5
5
5
5
5
5
5
5
5
5
5
5
5
6
5
5
5
5
5
5
5
7
5
5
5
5
7
6
5
5
5
5
5
5
5
6
5
5
5
5
5
5
5
5
5
5
5
5
5
6
6
5
5
5
6
5
5
5
5
5
5
5
5
5
5
5
5
5
5
5
5
5
5
5
6
5
9
5
11
5
7
5
5
6
5
5
5
5
5
5
5
5
5
5
5
5
5
5
5
5
5
5
5
5
5
5
5
5
7
5
5
5
5
5
5
5
5
5
5
5
5
5
5
5
5
5
5
5
5
5
5
5
5
5
5
5
5
5
5
5
5
6
5
5
5
5
5
5
5
5
6
5
5
5
5
6
5
5
19
6
6
5
6
5
5
5
6
5
5
5
5
5
5
5
5
5
5
5
5
5
5
5
5
5
5
5
6
5
5
5
5
5
5
5
5
5
5
5
6
5
6
5
5
18
5
5
6
5
5
5
5
6
5
5
5
5
5
5
5
5
5
5
5
5
5
5
5
5
5
5
4
5
5
5
5
5
5
5
5
5
5
5
5
6
5
5
5
5
5
5
5
5
5
5
5
6
7
5
5
5
5
5
5
5
5
5
5
5
5
5
5
5
8
9
5
7
13
9
9
9
13
11
15
5
29
5
5
5
5
5
5
5
5
5
5
6
5
5
5
5
5
5
5
5
5
5
5
5
5
5
5
5
5
5
6
5
5
5
5
15
7
6
9
5
30
6
6
7
8
7
5
20
6
5
5
5
5
5
5
5
5
6
13
5
14
5
5
7
8
16
7
5
13
5
17
5
6
17
17
5
5
9
5
9
5
5
5
5
5
5
5
5
5
5
6
9
6
5
13
5
10
5
5
5
5
5
5
5
6
5
5
5
5
5
5
5
5
5
5
5
5
5
5
5
5
5
5
5
5
5
5
5
5
5
5
5
5
5
5
5
5
5
5
5
5
5
5
6
5
5
5
5
5
5
5
5
5
5
5
13
5
5
5
5
5
5
5
5
5
5
5
5
5
7
5
5
5
5
6
5
5
5
5
5
5
5
5
5
5
5
5
6
5
5
5
5
5
5
5
5
5
5
5
5
5
5
5
6
5
5
5
5
5
5
5
5
5
5
5
5
5
5
5
5
6
5
5
5
5
5
5
5
5
5
5
5
5
5
6
5
5
5
5
5
5
5
5
5
5
6
5
5
5
5
5
5
5
5
5
5
5
5
5
5
5
5
5
5
5
5
5
5
6
5
5
5
5
5
5
5
5
5
5
5
5
5
5
5
5
7
5
5
5
5
5
5
5
5
5
5
5
6
9
13
5
5
7
5
5
5
9
5
7
7
5
5
5
11
5
5
7
5
7
25
8
7
5
6
14
7
38
7
5
13
11
5
18
9
5
5
5
5
5
5
5
5
5
5
5
5
9
5
5
5
5
5
5
7
5
19
5
9
27
21
16
7
9
5
7
23
17
11
11
14
13
13
7
7
9
9
9
9
6
5
5
5
5
6
5
5
5
5
5
6
5
5
5
5
5
5
5
5
5
5
5
5
5
5
5
5
5
6
5
5
5
5
5
5
5
5
5
5
5
5
5
5
5
5
5
5
6
5
5
5
5
5
6
5
5
5
5
6
6
5
5
5
5
5
5
5
5
5
5
7
6
5
5
5
5
5
5
5
5
5
5
5
5
5
5
5
5
5
5
5
5
5
5
5
5
5
5
5
5
5
5
5
5
5
5
25
7
5
11
7
9
23
81
11
41
13
8
13
17
8
13
13
9
3
51
18
32
5
11
5
5
4
4
40
5
4
8
6
8
12
11
6
5
13
3
4
9
4
4
4
4
3
11
8
3
16
4
3
4
4
4
4
6
10
9
4
13
19
4
4
4
4
5
3
