-1430.606489
 -1417.14542
-1428.016264
 -1420.20328
-1428.349769
 -1424.195178
-1431.406902
 -1426.78602
-1435.397849
 -1426.452435
-1437.988075
 -1423.394575
-1437.654569
 -1419.402677
-1434.597437
 -1416.811835
-1430.606489
 -1417.14542
-1575.748029
 -346.860892
-1567.788367
 -378.03995
-1558.072244
 -452.907494
-1558.383516
 -500.854746
-1564.442197
 -543.386806
-1564.764585
 -557.875505
-1560.94039
 -579.858742
-1561.251662
 -594.35856
-1567.310343
 -601.997651
-1568.266392
 -611.082277
-1565.87627
 -621.278852
-1571.923834
 -637.680103
-1578.938564
 -649.466766
-1585.15288
 -660.619617
-1588.654687
 -675.908919
-1586.264565
 -694.867654
-1578.460539
 -711.113233
-1580.683908
 -722.744222
-1577.826879
 -735.487161
-1572.401858
 -742.659234
-1566.198658
 -746.317547
-1568.900052
 -781.199395
-1588.176663
 -857.345681
-1591.845222
 -876.938227
-1592.156493
 -896.052635
-1587.854274
 -926.164221
-1589.766372
 -940.497247
-1599.115639
 -958.455228
-1578.838512
 -967.595451
-1567.010188
 -959.811806
-1555.515369
 -928.499315
-1552.135848
 -793.330762
-1540.196356
 -709.979045
-1539.974019
 -682.046879
-1531.558566
 -681.891206
-1529.312964
 -584.573406
-1536.072006
 -559.120888
-1533.437313
 -346.949848
-1575.748029
 -346.860892
-1274.192467
 878.529438
-1277.116198
 880.853412
-1279.061646
 884.022468
-1279.806474
 887.669661
-1279.261749
 891.350213
-1277.483054
 894.630464
-1274.192467
 897.388098
-1270.668427
 898.566764
-1266.944284
 898.466689
-1263.475828
 897.098991
-1260.685499
 894.630464
-1258.917921
 891.350213
-1258.362079
 887.958768
-1259.017973
 884.300455
-1260.874486
 881.064683
-1263.731515
 878.673992
-1267.222205
 877.40637
-1270.946348
 877.40637
-1274.192467
 878.529438
262.644776
 975.513653
264.645808
 975.80276
266.691308
 975.658207
269.392702
 974.724169
271.393734
 973.289755
273.061261
 971.19929
274.184062
 968.252625
274.184062
 964.672148
273.094611
 961.78108
271.571603
 959.80181
269.036963
 958.022691
264.545757
 957.122013
261.421923
 957.822541
259.343073
 959.012326
257.108587
 961.447495
256.208122
 963.282211
255.65228
 966.618059
256.330408
 969.953907
257.319807
 971.799743
258.431492
 973.122962
262.644776
 975.513653
-49.071583
 1376.382483
-55.063563
 1372.112598
-63.845871
 1370.055492
-70.427044
 1370.989529
-78.964781
 1376.048899
-83.278117
 1382.020066
-85.390318
 1391.171409
-84.145231
 1398.432437
-82.133082
 1401.579254
-79.053716
 1406.382875
-78.89808
 1406.538548
-72.783815
 1410.65276
-63.845871
 1412.465237
-59.02116
 1412.17613
-54.452136
 1410.107905
-48.982648
 1406.04929
-44.836064
 1399.955808
-43.413108
 1390.359686
-44.280222
 1383.921499
-49.071583
 1376.382483
-474.946832
 1390.081698
-477.481473
 1387.401901
-482.350651
 1384.588669
-489.387615
 1383.676871
-494.823752
 1385.155763
-499.881917
 1388.891913
-502.894582
 1393.651056
-504.117435
 1399.47767
-503.005751
 1405.704586
-500.226539
 1410.341414
-495.879853
 1413.921891
-489.454316
 1415.945638
-483.529037
 1415.411903
-477.092383
 1411.887024
-473.61281
 1407.450346
-471.71183
 1399.399833
-472.823514
 1393.884565
-474.946832
 1390.081698
1088.604192
 779.543715
1081.011386
 766.211443
1069.083011
 756.370692
1059.544757
 748.320179
1048.216691
 738.479428
1040.757288
 735.199178
1027.339255
 734.609845
1013.320912
 736.989416
1004.972161
 739.680333
990.964935
 740.870119
973.967277
 741.459452
965.918681
 742.960584
962.639211
 746.529941
961.872149
 754.791724
963.528559
 763.531645
970.387653
 772.771944
982.749586
 776.563691
1006.761973
 775.162635
1025.549442
 772.771944
1055.075785
 770.681479
1073.98554
 772.382761
1081.356009
 775.140396
1088.604192
 779.543715
546.424501
 613.018193
546.624604
 632.310512
497.310276
 631.609984
503.869215
 612.517815
537.542141
 612.918117
546.424501
 613.018193
20.53099
 1422.728529
29.958075
 1411.686873
-5.893753
 1383.943738
-17.666493
 1388.714001
20.53099
 1422.728529
-1286.965723
 632.35499
-1287.710552
 614.83067
-1309.332817
 615.798066
-1323.473445
 633.555895
-1286.965723
 632.35499
-1185.880243
 869.845115
-1134.898388
 867.165317
-1113.720797
 889.526617
-1133.55325
 890.416176
-1138.478013
 886.691146
-1185.291051
 888.403548
-1185.880243
 869.845115
-1537.53943
 535.91563
-1554.770541
 535.904511
-1554.748307
 507.694358
-1554.70384
 439.754258
-1537.472728
 439.765377
-1537.53943
 535.91563
411.354824
 1120.178253
408.242107
 1117.554053
404.351211
 1116.364267
400.593717
 1116.720091
397.214196
 1118.432493
394.701789
 1121.256844
393.401118
 1124.803962
393.523403
 1128.706904
395.101995
 1132.28738
397.925674
 1134.989417
401.227377
 1136.368234
404.795885
 1136.501668
408.197639
 1135.400838
410.999085
 1133.188059
412.555443
 1130.841846
413.400323
 1128.162049
413.189103
 1123.803208
411.354824
 1120.178253
-1048.531612
 808.387679
-1048.82065
 810.200156
-1048.509379
 812.001514
-1047.575564
 813.669438
-1046.141491
 814.914821
-1044.485081
 815.570871
-1042.706385
 815.670946
-1040.983274
 815.203928
-1039.504734
 814.214293
-1038.404166
 812.802117
-1037.82609
 811.111954
-1037.781622
 809.766496
-1038.381932
 807.587075
-1039.493617
 806.119302
-1041.016625
 805.107428
-1042.79532
 804.64041
-1044.6296
 804.784963
-1046.308243
 805.51885
-1047.664498
 806.764233
-1048.531612
 808.387679
-815.578107
 1496.283973
-814.099566
 1498.841456
-811.83173
 1500.754009
-809.041401
 1501.765883
-806.073204
 1501.765883
-803.293992
 1500.754009
-800.803819
 1498.574588
-799.42533
 1495.950388
-799.03624
 1493.014842
-799.658783
 1490.123774
-801.248492
 1487.621888
-803.594147
 1485.809411
-805.228323
 1485.153361
-808.174287
 1484.853134
-811.053551
 1485.575901
-813.499257
 1487.243825
-815.244601
 1489.645636
-816.045014
 1492.492226
-815.578107
 1496.283973
-1472.05009
 -677.810352
-1450.383358
 -727.336573
-1429.783842
 -761.239906
-1410.885204
 -786.870336
-1387.084037
 -812.745396
-1351.51013
 -844.402592
-1313.746205
 -873.035285
-1276.86051
 -899.321766
-1225.878655
 -929.944849
-1191.916691
 -944.711535
-1126.838675
 -955.608638
-1057.202752
 -967.373061
-1014.113858
 -982.96259
-977.550551
 -1006.469197
-962.531693
 -1014.308439
-970.102265
 -1037.614896
-913.250715
 -1059.753806
-903.312255
 -1049.512753
-903.945915
 -1066.125275
-883.468685
 -1073.92004
-860.879254
 -1074.13131
-860.890371
 -1065.046684
-877.721275
 -1065.035565
-877.710158
 -1059.297907
-825.29423
 -1059.909479
-827.851105
 -1108.9798
-780.960249
 -1116.985835
-779.715162
 -1111.036906
-820.903076
 -1104.142821
-818.24615
 -1060.065152
-778.092102
 -1060.53217
-779.448358
 -1048.200653
-764.351681
 -1052.42606
-754.913479
 -1021.52499
-744.252424
 -1023.748889
-738.66065
 -1011.506327
-726.698924
 -1012.951861
-741.273109
 -1059.720447
-736.292762
 -1061.588522
-727.399285
 -1033.667476
-722.296653
 -1035.324281
-704.698686
 -975.645963
-696.149831
 -978.303522
-704.687569
 -1009.571536
-699.985143
 -1010.828038
-691.414055
 -979.771295
-683.365459
 -982.262062
-692.31452
 -1013.018578
-688.245754
 -1014.275081
-679.34116
 -983.507445
-619.643698
 -1002.0214
-628.681694
 -1031.788282
-651.537929
 -1042.262844
-648.269576
 -1052.059117
-637.352833
 -1048.92342
-636.052162
 -1059.375743
-684.577195
 -1077.500516
-686.978434
 -1085.495431
-592.952151
 -1117.497331
-517.868974
 -1141.015058
-434.28141
 -1165.833766
-116.29515
 -1269.022658
-110.280936
 -1243.759171
-92.983124
 -1194.977956
-56.675505
 -1174.74048
-4.526381
 -1150.6223
45.521659
 -1124.569329
85.686823
 -1105.543877
141.082066
 -1077.556114
211.496168
 -1044.353309
238.265533
 -1029.330874
260.465874
 -1011.695359
273.528168
 -1030.631855
302.909992
 -1018.222501
314.660498
 -1028.018774
344.042322
 -1040.428128
392.367251
 -1014.308439
556.26291
 -939.196266
565.400957
 -920.915821
422.404968
 -782.455898
362.329533
 -728.893302
270.91571
 -647.910037
182.114345
 -563.657641
112.244968
 -493.771629
-103.232856
 -289.350876
-131.958786
 -259.962057
-148.289432
 -254.735896
-579.24508
 -269.75833
-774.479128
 -284.780765
-1448.493494
 -664.93398
-1472.05009
 -677.810352
-708.978672
 -852.019444
-565.849281
 -891.371329
-553.331712
 -922.383594
-464.474763
 -946.234905
-444.197636
 -980.827647
-473.412707
 -1070.283965
-160.328976
 -1168.680356
-175.236667
 -1218.173218
-131.102788
 -1234.274243
-108.446657
 -1163.309641
-51.1949
 -1129.917805
-4.526381
 -1150.6223
-56.675505
 -1174.74048
-92.983124
 -1194.977956
-110.280936
 -1243.759171
-116.29515
 -1269.022658
-592.952151
 -1117.497331
-686.978434
 -1085.495431
-684.577195
 -1077.500516
-636.052162
 -1059.375743
-637.352833
 -1048.92342
-648.269576
 -1052.059117
-651.537929
 -1042.262844
-628.681694
 -1031.788282
-619.643698
 -1002.0214
-679.34116
 -983.507445
-688.245754
 -1014.275081
-692.31452
 -1013.018578
-683.365459
 -982.262062
-691.414055
 -979.771295
-699.985143
 -1010.828038
-704.687569
 -1009.571536
-696.149831
 -978.303522
-704.698686
 -975.645963
-722.296653
 -1035.324281
-727.399285
 -1033.667476
-736.292762
 -1061.588522
-741.273109
 -1059.720447
-726.698924
 -1012.951861
-738.66065
 -1011.506327
-744.252424
 -1023.748889
-754.913479
 -1021.52499
-764.351681
 -1052.42606
-779.448358
 -1048.200653
-778.092102
 -1060.53217
-818.24615
 -1060.065152
-820.903076
 -1104.142821
-779.715162
 -1111.036906
-780.960249
 -1116.985835
-827.851105
 -1108.9798
-825.29423
 -1059.909479
-877.710158
 -1059.297907
-877.721275
 -1065.035565
-860.890371
 -1065.046684
-860.879254
 -1074.13131
-883.468685
 -1073.92004
-903.945915
 -1066.125275
-903.312255
 -1049.512753
-913.250715
 -1059.753806
-870.217404
 -963.203251
-708.978672
 -852.019444
749.284705
 1195.579533
813.351088
 1182.680921
802.289826
 1117.876518
786.792943
 1037.304674
-1362.971598
 484.032078
-1347.14121
 484.86604
-1347.874922
 444.802507
-1355.17869
 404.994724
-1356.345958
 370.379743
-1353.533396
 330.849947
-1339.926377
 290.930968
-1312.056444
 240.737578
-1288.121875
 196.737746
-1271.246503
 164.024198
-1252.881474
 135.335907
-1227.757402
 106.758811
-1200.387727
 79.771802
-1184.223833
 63.626299
-1168.260043
 47.525274
-1152.173967
 31.268575
-1122.925545
 2.691479
-1099.691337
 -20.448185
-1078.046838
 -60.767465
51.057848
 1371.42319
52.402987
 1369.032499
53.44797
 1369.855341
59.628937
 1374.025151
61.385398
 1371.601102
54.148332
 1367.053229
71.990869
 1339.510246
76.326439
 1332.727355
83.341169
 1337.942397
84.975345
 1334.962373
103.651646
 1347.393966
140.437289
 1371.879089
-583.480598
 1284.513235
-603.268584
 1245.884118
-600.700593
 1244.572017
-595.731362
 1254.279334
-587.138041
 1249.77594
-564.437441
 1237.889202
-1562.507865
 -1289.182298
-1563.44168
 -1287.080714
-1562.5968
 -1284.134048
-1555.081812
 -1278.574302
-1552.825093
 -1281.365295
-1549.990297
 -1284.367558
-1558.116711
 -1290.527757
-1560.540184
 -1290.527757
-1562.507865
 -1289.182298
-1569.422544
 -1294.230548
-1575.959249
 -1293.95256
-1580.906245
 -1290.583354
-1584.641506
 -1285.546224
-1584.085663
 -1279.185874
-1589.03266
 -1275.5498
-1600.905451
 -1274.2377
-1606.697328
 -1270.223563
-1609.031865
 -1264.241276
-1606.597276
 -1254.433884
-1607.631143
 -1248.362641
-1613.534188
 -1238.677562
-1494.683989
 -1381.207219
-1473.450813
 -1381.563043
-1432.296249
 -1384.409633
-1434.541852
 -1399.009527
-1434.597437
 -1416.811835
-1457.253568
 -1413.776213
-1474.551381
 -1416.25586
-1492.127114
 -1415.066075
-1493.650122
 -1391.781857
-1494.683989
 -1381.207219
-1499.397531
 -1369.520633
-1512.393124
 -1360.947504
-1524.466019
 -1362.092811
-1531.469632
 -1357.867404
-1530.013325
 -1346.970301
-1521.364419
 -1342.667058
-1506.123223
 -1346.369849
538.153568
 1152.914039
565.412074
 1152.291348
583.488065
 1141.627754
-1437.387765
 398.912361
-1425.681726
 398.51206
-1398.489921
 398.867883
-1398.612206
 397.077645
-1378.146093
 396.210325
-1371.431518
 395.932337
-1549.990297
 -1284.367558
-1548.32277
 -1286.613695
-1545.365689
 -1290.394323
-1546.66636
 -1302.848155
-1546.810879
 -1304.204733
-1542.742113
 -216.673872
-1522.609505
 -215.061546
-1484.778879
 -215.995583
-1483.644961
 -200.528369
-1482.16642
 -195.858182
-1470.060175
 -151.113343
-1465.780189
 -137.291814
-1465.546736
 -123.436926
-1467.658936
 -109.359648
-1472.116791
 -96.572232
-1475.285093
 -88.588436
-1474.94047
 -83.417872
-1481.888499
 -79.915232
-1529.735404
 -1372.144833
-1551.313202
 -1367.552482
-1564.130925
 -1358.768083
-1570.467527
 -1351.896237
-1574.236138
 -1345.491409
-1574.892032
 -1335.906406
-1571.86825
 -1329.368145
-1565.976321
 -1327.455592
-1560.495716
 -1322.8966
-1558.183412
 -1313.778616
-1556.137913
 -1305.472355
-1551.757875
 -1303.793311
-1546.810879
 -1304.204733
-1539.762799
 -1305.58355
-1508.780149
 -1318.860224
-1508.21319
 -1310.342693
-1507.357193
 -1297.844383
-1506.256625
 -1278.351912
-1509.858483
 -1275.149498
-1524.632771
 -1269.300645
-1529.602002
 -1266.042634
-1531.191711
 -1263.996647
-1534.104324
 -1260.260498
-1539.040204
 -1238.255022
-1549.578974
 -1221.920487
-1570.789916
 -1207.187159
-1598.003954
 -1200.426508
-1611.555389
 -1197.068421
-1623.717219
 -1188.3285
-1645.537763
 -1181.061752
-820.891959
 1378.561904
-838.967951
 1389.759233
-858.466898
 1348.550393
-873.752561
 1355.8559
-873.163369
 1359.647647
-881.034095
 1370.355718
-878.477221
 1374.948069
-843.670376
 1358.557937
-840.679945
 1355.19985
-834.954769
 1352.442216
-829.985539
 1350.607499
-821.336633
 1320.35136
-828.796037
 1306.796698
409.592997
 1507.969038
408.631196
 1485.131122
413.478141
 1444.389301
424.55052
 1404.425844
430.586967
 1382.865148
433.443996
 1375.859867
444.683128
 1353.543045
456.867191
 1335.69626
494.408779
 1277.38564
526.680983
 1207.988887
527.559214
 1190.15322
538.28697
 1175.097427
543.056097
 1170.349404
548.4033
 1165.023167
-1523.109764
 -319.629255
-1529.724287
 -320.196349
-1531.469632
 -338.14321
-1531.903189
 -342.568768
-1532.047708
 -344.036541
-1538.684465
 -600.440922
-1527.823306
 -601.041375
-1535.638449
 -1059.498058
-1529.235146
 -1076.788869
1042.825021
 1136.557266
1030.585374
 1151.613059
1022.848049
 1156.538994
1013.598833
 1152.068958
1003.2824
 1139.492812
1002.637623
 1131.698047
-277.678402
 1121.76834
-270.185647
 1088.198592
-278.967956
 1086.130366
-279.579382
 1088.921359
-268.807158
 1091.345408
-253.210224
 1095.682011
-235.412153
 1100.630185
-228.875448
 1106.401202
-1554.748307
 507.694358
-1564.242093
 507.905628
-1584.196832
 508.072421
-1348.175077
 889.860201
-1344.628803
 960.557936
-1350.698601
 961.047193
-1349.386813
 996.006878
-1311.144863
 1056.574755
1095.763441
 922.028894
1183.519822
 925.920716
1171.61368
 900.490436
1240.949448
 870.434448
1250.899025
 894.875093
1219.227131
 907.729226
1227.675934
 928.789545
-880.659621
 1507.969038
-884.958342
 1503.278134
-915.251747
 1467.440009
-941.620906
 1431.613003
-968.746009
 1392.67254
-986.610781
 1366.475015
-1005.075862
 1342.556987
-1025.108418
 1321.474429
-1061.204817
 1291.941056
-1092.276401
 1274.338899
-1121.113499
 1263.80874
-1152.551939
 1256.392038
-1190.949525
 1251.821927
-1228.001973
 1254.724114
-1272.869563
 1266.032638
-1305.76431
 1280.287828
-1378.75752
 1321.363234
-1438.588384
 1354.11014
-1475.196158
 1371.034007
-1507.312726
 1383.743588
-1547.277787
 1395.152187
-1633.533394
 1414.678016
-1548.700743
 1405.126372
-1452.139819
 1380.541174
-1407.605735
 1361.304451
-1371.064662
 1345.11447
-1306.064464
 1309.287465
-1259.929554
 1275.606521
-1197.386179
 1228.993608
-1140.367876
 1181.135312
-1056.702494
 1112.494684
-965.355371
 1033.835392
-941.009479
 1013.175375
-855.220779
 934.049065
-803.260642
 888.170039
-749.488458
 839.555617
-658.952865
 759.150565
-606.3146
 722.022579
-565.171153
 703.019366
-524.805886
 689.898365
-476.903397
 684.016153
-368.958823
 686.406844
-144.965495
 694.045936
-40.856233
 698.56045
108.876564
 705.054233
266.61349
 710.091363
428.219079
 714.316771
658.137686
 720.421372
808.69313
 723.801698
873.304238
 721.499963
913.191481
 718.575536
958.8039
 713.794155
1013.276444
 705.476774
1036.277199
 701.82958
1058.644293
 698.260223
1078.921419
 696.169759
1101.277397
 695.869532
1122.154833
 696.770211
1141.83165
 697.659771
1161.808622
 700.940021
1180.896247
 705.109831
1198.483097
 710.480546
1216.670257
 716.440594
1236.647229
 725.692012
1254.245196
 734.632084
1196.804453
 715.995814
1110.915702
 709.73554
1026.950165
 719.520693
999.458205
 723.946251
941.750658
 729.405922
911.89081
 729.01674
889.179094
 703.719894
1023.415008
 686.28453
1125.68999
 677.72252
1186.943811
 687.329762
1240.938331
 707.578358
1251.388167
 717.563663
1645.537763
 795.522846
1608.083284
 805.340938
1542.738464
 813.547123
1513.089836
 816.91633
1472.969139
 813.102344
1425.422389
 800.537317
1392.494292
 786.048618
1356.308958
 764.96606
1317.700152
 744.161489
1251.388167
 717.563663
1222.751172
 705.410057
1194.180878
 695.03557
1164.187627
 688.130365
1130.65922
 683.64921
1102.844872
 683.64921
1057.510374
 687.440957
1011.330996
 693.590036
958.036837
 701.117933
911.034813
 705.34334
871.725646
 707.945301
808.270689
 709.791137
656.937066
 705.765881
429.430815
 699.583443
267.313851
 696.347671
108.998849
 691.922112
-146.010479
 683.126594
-368.436331
 674.386673
-478.1596
 672.752107
-526.717983
 677.50013
-572.252584
 690.921358
-612.97359
 710.447187
-667.023695
 749.509965
-758.726557
 830.93801
-812.0763
 879.052055
-863.213791
 924.130478
-956.528596
 1002.500662
-974.259965
 1017.789964
-1070.253929
 1095.370665
-1152.540823
 1153.714643
-1215.695624
 1196.502451
-1281.607403
 1235.131568
-1391.930982
 1297.167218
-1452.829064
 1334.606549
-1387.650996
 1306.073931
-1311.96751
 1267.344738
-1289.26691
 1257.89317
-1267.922566
 1250.109525
-1218.052395
 1239.579365
-1178.053984
 1239.145705
-1139.934319
 1244.483061
-1109.863251
 1254.045825
-1082.015552
 1265.387708
-1050.065737
 1283.056581
-1014.091624
 1311.889426
-994.125769
 1334.261845
-976.00531
 1357.846289
-957.117789
 1386.690253
-930.704163
 1424.329736
-905.202118
 1458.555534
-875.053232
 1494.393659
-862.901872
 1507.969038
-1513.326939
 1382.509324
-1518.796427
 1368.365329
-1523.131997
 1352.864756
-1527.923358
 1347.849865
-1539.996252
 1337.66441
-1522.075897
 1322.052642
-1385.572146
 1262.541118
-1335.290652
 1243.782533
-1288.255277
 1222.244076
-1219.808857
 1189.196944
-1152.540823
 1153.714643
911.89081
 729.01674
726.239484
 730.795859
778.288556
 792.709194
801.656166
 820.496806
862.487547
 895.864727
919.405798
 832.917279
939.071498
 823.232201
973.233566
 804.384661
911.89081
 729.01674
-841.190303
 1507.969038
-866.382093
 1475.546119
-884.524785
 1451.717046
-893.262626
 1442.676899
-902.878698
 1434.670864
-917.88644
 1428.488426
-934.372722
 1420.715901
-831.364028
 1359.225106
-784.784444
 1339.1989
-752.278786
 1328.968967
-709.212125
 1317.449172
-655.840148
 1290.673434
-561.647113
 1242.892974
-474.780079
 1198.837544
-468.343425
 1194.423105
-459.227612
 1188.162831
-445.898514
 1175.942509
-425.4324
 1155.260252
-417.672842
 1149.600431
-373.261042
 1117.17599
-355.062766
 1107.924572
-338.76547
 1101.586461
-326.081149
 1098.306211
-316.420609
 1096.638287
-301.090479
 1096.082312
-288.061536
 1097.071947
-270.296816
 1099.495997
-251.887319
 1104.788875
-234.75626
 1112.694834
-214.657002
 1125.526729
-196.247505
 1142.139251
-97.763368
 1229.482866
-105.622978
 1237.71129
-941.009479
 1013.175375
-850.662872
 940.431654
-740.984071
 852.009448
-646.324128
 773.272321
-610.627936
 750.532958
-566.872031
 732.29699
-508.686459
 724.290956
-470.255523
 721.055183
-340.988839
 705.810359
-459.33878
 712.848998
-542.637306
 716.618506
-566.949848
 711.948319
-593.874849
 695.435872
-615.530465
 678.678797
-701.396983
 602.054373
-776.947067
 529.444086
-696.072013
 597.172915
-661.765427
 626.172552
-609.683004
 670.150146
-587.849519
 686.985058
-561.346958
 698.527091
-534.210737
 702.585706
-516.434901
 702.585706
-370.170559
 699.149783
-228.58641
 696.036325
-145.321234
 699.149783
-40.856233
 698.56045
-368.436331
 674.386673
-472.13427
 666.091531
-497.302809
 666.369518
-555.621782
 670.984108
-580.245596
 666.669745
-601.211967
 656.973547
-632.806043
 631.732299
-780.63786
 502.023417
-809.041401
 477.682847
-864.180957
 424.653987
-804.783649
 471.611604
-759.849358
 509.451238
-613.740653
 630.153331
-582.402264
 652.192165
-552.998207
 664.734953
-520.903873
 669.861039
-209.921226
 675.30959
419.970379
 914.389802
418.780877
 897.755041
414.323022
 878.095778
412.788897
 873.870371
405.040455
 861.049596
398.959541
 852.276316
342.107991
 813.358092
295.217135
 780.110809
281.865803
 762.375218
275.651486
 747.819802
276.5186
 723.001094
276.485249
 715.328645
278.108309
 704.954158
281.321077
 694.546313
106.486442
 689.77605
-209.921226
 675.30959
-368.302929
 665.780185
-473.712862
 660.476187
-525.795285
 658.919458
-552.297846
 660.476187
-566.02715
 662.666727
-590.662081
 670.772837
-618.109573
 686.985058
-648.358511
 712.559891
-819.569054
 869.422574
-861.323928
 910.297829
-892.851303
 941.154421
-956.528596
 1002.500662
-1645.537763
 -1001.021051
-1633.833549
 -1003.622607
-1622.505483
 -1007.203084
-1615.946544
 -1015.553823
-1609.687759
 -1025.983907
-1608.48714
 -1030.465062
-1583.151848
 -1029.564383
-1578.971914
 -1020.913418
-1579.572224
 -1007.803536
-1579.572224
 -990.501606
-1583.440886
 -972.310116
-1584.674856
 -964.97125
-1578.004749
 -941.264492
-1555.593187
 -740.657725
-1548.445055
 -374.503951
-1544.454108
 -344.770428
825.657436
 1485.253436
817.986813
 1487.78868
811.883664
 1485.698216
804.746649
 1480.194067
801.867386
 1473.700283
787.571122
 1400.55626
781.41239
 1397.231532
723.026715
 1407.016686
632.791277
 728.538602
726.239484
 730.795859
707.229677
 705.832598
633.235951
 703.497504
487.060544
 698.860676
281.321077
 694.546313
283.233175
 686.762668
288.269106
 675.242873
298.107515
 667.192361
309.435581
 662.422098
323.298287
 662.566652
360.873226
 675.09832
372.801602
 677.778118
469.729381
 679.312608
487.060544
 698.860676
1057.310271
 1205.709391
1040.790638
 1200.994726
1032.063914
 1199.271204
1015.622099
 1196.035432
978.969858
 1193.077647
976.090595
 1225.435371
965.107151
 1242.937452
950.477382
 1260.450653
986.229158
 1284.579952
1014.332545
 1253.400895
1057.310271
 1205.709391
1062.690824
 1200.160764
1099.387533
 1163.266287
1068.482701
 1135.912335
1040.657236
 1107.401956
1034.365101
 1100.30772
1020.969302
 1085.874618
1007.706905
 1069.973744
967.08595
 1021.259246
921.873738
 967.062839
915.80394
 959.790691
862.487547
 895.864727
698.469603
 888.225636
633.558339
 882.888279
443.782663
 876.694722
431.998807
 884.478367
425.350933
 893.262766
419.970379
 914.389802
394.212647
 999.153695
368.944057
 1120.078178
357.438121
 1185.216166
343.353077
 1266.822122
340.184776
 1282.367173
328.356452
 1311.989501
341.096358
 1315.859085
348.844799
 1301.437103
354.970181
 1283.912782
358.338586
 1267.911832
366.264897
 1212.647954
383.095801
 1122.413271
404.562431
 1005.903227
425.984593
 929.734702
438.813433
 890.393937
443.782663
 876.694722
449.696825
 857.713748
475.876997
 815.281764
504.269422
 766.611745
527.625915
 724.902528
499.311308
 723.701623
276.485249
 715.328645
233.085083
 713.960947
194.053837
 712.604369
-41.300907
 703.853328
-242.693687
 700.172776
-340.988839
 705.810359
340.184776
 1282.367173
327.100249
 1294.031521
309.024257
 1303.238461
296.829077
 1304.628397
328.356452
 1311.989501
274.01731
 1418.113939
244.757771
 1488.578164
252.717433
 1499.675418
285.945685
 1420.28224
341.096358
 1315.859085
401.038391
 1343.624458
417.035532
 1353.576404
425.206414
 1359.058314
443.849364
 1370.622586
471.007819
 1400.211556
507.182035
 1442.298836
546.924759
 1488.544806
579.682473
 1507.969038
-414.715761
 1166.157355
-406.989553
 1160.108351
-367.169011
 1128.951533
-349.626628
 1119.966983
-330.861392
 1112.661476
-322.935081
 1110.682206
-314.953186
 1109.692571
-302.068761
 1108.980924
-289.039818
 1109.258911
-272.887041
 1111.727439
-256.856549
 1116.175236
-241.259614
 1123.047082
-221.983004
 1135.011656
-203.629091
 1150.645663
-150.901891
 1197.770073
-138.895697
 1208.500383
-105.622978
 1237.71129
-54.318734
 1279.275954
-37.065389
 1292.252402
91.545401
 1378.595262
174.221384
 1440.986736
195.27669
 1462.747583
209.484019
 1478.826369
235.222806
 1507.969038
-1197.386179
 1228.993608
-1235.528077
 1266.099355
-1366.340003
 1367.486889
-1461.844826
 1417.936028
-1507.590647
 1436.29431
-1510.358741
 1408.050799
-1513.326939
 1382.509324
-1517.673626
 1344.080357
-1522.075897
 1322.052642
-1535.449462
 1270.547152
-1548.578457
 1206.37656
-1581.439854
 1088.309787
-1604.240505
 986.121649
-1607.797896
 938.530221
-1588.298948
 849.140619
-1554.3481
 785.592719
-1509.569445
 726.61493
-1448.526844
 660.031408
-1403.381333
 615.408883
-1367.929712
 565.093179
-1355.701181
 539.896409
-1347.630351
 489.847572
-1347.14121
 484.86604
-1295.748031
 492.53849
-1257.150342
 510.262961
-1204.145221
 539.373793
-1135.898904
 596.805972
-1129.506718
 602.243404
-1063.895093
 658.196691
-961.286606
 753.56858
-950.625551
 784.825474
-958.273941
 824.833408
-972.325634
 880.586545
-975.027027
 891.239018
-978.673353
 916.84721
-976.172063
 928.322527
-972.003245
 936.339681
-941.865476
 968.864197
-884.480318
 1037.816171
-868.761098
 1052.827486
-853.097462
 1064.869896
-829.262944
 1074.132434
-755.202517
 1086.586266
-671.27033
 1100.708021
-646.679867
 1105.422686
-554.788019
 1124.214629
-528.274342
 1128.417797
-500.949134
 1128.684665
-487.64227
 1128.595709
-469.388409
 1127.205772
-1260.029606
 124.171937
-1303.818861
 187.697598
-1329.454308
 234.632977
-1354.889652
 286.227423
-1369.074747
 327.514099
-1374.188496
 368.367115
-1371.431518
 395.932337
-1370.342067
 406.740484
-1363.860946
 444.046382
-1362.971598
 484.032078
-1362.86043
 489.091447
-1371.620505
 536.860787
-1381.659016
 561.112401
-1396.889095
 582.17272
-1415.532046
 607.947704
-1457.175751
 640.049679
-1522.687323
 718.264191
-1568.911169
 778.921023
-1601.094437
 844.503791
-1622.105276
 936.895655
-1120.768877
 -81.216212
-1134.175793
 -28.687729
-1159.822357
 5.460233
-1175.663862
 20.582743
-1190.660487
 39.130057
-1214.372719
 68.118574
-1239.241104
 96.195293
-1260.029606
 124.171937
-1256.727902
 114.89828
-1256.338813
 101.354738
-1260.218592
 89.723748
-1262.219624
 72.221667
726.998837
 1507.969038
723.92718
 1492.381031
719.680544
 1465.861041
723.026715
 1407.016686
722.137367
 1382.020066
717.33489
 1359.525333
695.245717
 1295.944073
691.855079
 1277.107653
691.243653
 1232.663041
689.164803
 1207.677541
686.997018
 1189.06351
674.913006
 1123.224994
658.460074
 1056.141095
655.825382
 1048.301852
632.969147
 960.446741
631.490606
 928.834023
633.558339
 882.888279
639.083412
 863.440287
641.584702
 849.640996
641.462417
 838.910686
639.428034
 815.782141
631.12375
 763.909708
632.791277
 728.538602
527.625915
 724.902528
889.179094
 703.719894
754.176117
 705.287743
707.229677
 705.832598
666.508671
 654.671812
658.971449
 649.345575
654.124504
 645.920771
642.05161
 629.775268
620.462695
 604.445064
603.909711
 590.534578
601.497356
 588.477472
583.765987
 577.891715
569.747644
 563.580928
568.580375
 553.929209
577.429384
 544.433162
618.08369
 584.79692
713.043787
 685.272656
727.651323
 694.968853
754.176117
 705.287743
-1622.405431
 944.201162
-1619.148195
 986.76658
-1596.636582
 1091.256453
-1566.420995
 1211.825111
-1552.936261
 1273.582774
-1539.996252
 1337.66441
-1539.273657
 1349.239802
-1531.96989
 1413.699501
-1529.835455
 1439.296573
-1530.202311
 1470.297718
-1531.113893
 1491.95849
-1531.64745
 1507.969038
-1509.49268
 1507.969038
-1508.958019
 1485.331273
-1507.868568
 1464.515582
-1507.590647
 1436.29431
-1529.835455
 1439.296573
-1645.537763
 1439.266211
238.186996
 1507.969038
244.757771
 1488.578164
213.397149
 1447.702909
194.709731
 1429.466941
150.364633
 1393.11732
134.345258
 1381.842154
103.129155
 1359.870037
88.743956
 1349.740179
71.990869
 1339.510246
-47.826496
 1266.410701
-74.384641
 1247.718834
-87.202364
 1238.289504
-97.763368
 1229.482866
-49.29392
 1236.599341
-1.613767
 1241.758786
16.19542
 1243.560144
71.379443
 1253.156266
133.366975
 1268.62348
176.87831
 1277.485716
296.829077
 1304.628397
1007.706905
 1069.973744
1024.560043
 1027.119219
1030.552023
 1020.369687
1054.842331
 1006.92622
1057.621543
 1005.380611
1080.021987
 994.739256
1083.123587
 993.271483
1091.705792
 989.223988
1096.597204
 986.888894
1119.019883
 975.81388
1080.866867
 933.081669
1024.337706
 866.309116
997.757328
 834.941027
973.233566
 804.384661
991.698647
 792.664716
1004.216215
 788.483787
1020.02437
 789.084239
1030.318569
 793.643231
1045.815452
 802.460989
1051.929718
 790.007157
1080.033104
 794.032414
1453.381256
 847.8174
1424.688677
 841.167943
1415.917486
 845.637979
1359.432792
 868.699807
1275.100399
 907.517956
1227.675934
 928.789545
1222.539952
 931.024563
1119.019883
 975.81388
1188.522403
 1084.840505
1146.80088
 1116.175236
1139.019088
 1123.491862
1120.554007
 1140.84939
1099.387533
 1163.266287
1131.548568
 1196.357897
1150.447206
 1220.709586
1204.530661
 1307.108044
1265.395392
 1403.63636
1329.248086
 1507.969038
-911.983394
 379.708997
-960.552894
 326.780212
-1137.355211
 138.082422
-1200.387727
 79.771802
-1214.372719
 68.118574
-1257.450497
 30.178865
-1302.996215
 -2.379009
-1338.425603
 -20.259154
-1368.374386
 -32.590671
-1413.430962
 -42.386944
-1521.25325
 -52.461204
-1579.961313
 -56.975718
-1556.093445
 -58.454611
-1541.185755
 -66.060344
-1532.837004
 -77.98044
-1523.743424
 -93.191906
-1518.296169
 -119.222638
1336.520972
 994.205521
1403.433268
 1092.346163
1514.145936
 1254.746353
1623.024325
 1431.613003
1513.045368
 1499.119443
1499.702475
 1507.969038
475.876997
 815.281764
494.86457
 810.711653
639.428034
 815.782141
744.871317
 818.195071
801.656166
 820.496806
95.60305
 1166.357506
36.694883
 1155.74951
-40.055821
 1147.565563
-94.528365
 1143.184483
-101.354109
 1140.816031
-188.676933
 1063.391004
-228.875448
 1106.401202
-234.75626
 1112.694834
719.680544
 1465.861041
704.984074
 1467.929267
684.573545
 1470.686901
655.658629
 1469.8307
649.066339
 1469.841819
643.052126
 1469.152411
598.518041
 1441.453755
597.150669
 1438.384775
596.939449
 1435.215719
597.750979
 1430.745683
599.05165
 1420.671423
598.951598
 1416.857437
599.663076
 1400.078122
569.48084
 1327.690225
71.379443
 1253.156266
92.490333
 1177.899539
93.5242
 1174.419138
95.60305
 1166.357506
101.17259
 1136.757417
107.209037
 1124.592692
130.387661
 1081.337865
148.96391
 1009.750571
147.930043
 944.490269
143.99468
 900.868499
133.600429
 811.745765
236.253384
 813.547123
251.450112
 810.511502
265.123833
 799.514323
275.629252
 788.316994
280.865287
 783.357701
284.289275
 781.912167
295.217135
 780.110809
-1.613767
 1241.758786
-31.31798
 1242.581628
-38.099256
 1246.784796
-41.723347
 1252.522455
-47.826496
 1266.410701
-54.318734
 1279.275954
-66.013656
 1313.724142
-67.803468
 1323.931837
-70.549329
 1339.588082
-70.427044
 1370.989529
1390.587953
 1507.969038
1305.76066
 1377.260923
1271.598592
 1325.321773
1225.308046
 1249.019814
1184.79826
 1177.465879
1146.80088
 1116.175236
1645.537763
 1171.62936
1594.909821
 1204.586322
1514.145936
 1254.746353
1403.922409
 1320.206806
1356.887034
 1348.883978
1305.76066
 1377.260923
1265.395392
 1403.63636
1225.263579
 1429.133357
1187.021629
 1451.250028
1131.481867
 1484.875373
1088.67759
 1507.969038
997.757328
 834.941027
998.846778
 818.606492
998.713376
 809.744257
1000.636591
 801.905014
1004.816525
 796.834526
1008.25163
 794.243684
1016.144591
 794.154728
1030.162933
 797.134752
1045.815452
 802.460989
1068.771739
 812.045992
1093.506721
 815.37072
1137.051407
 820.930466
1248.620072
 772.338283
1458.311527
 1507.969038
1382.655883
 1389.303334
1356.887034
 1348.883978
1252.488734
 1185.171688
1188.522403
 1084.840505
1336.220818
 993.705143
1275.100399
 907.517956
-831.364028
 1359.225106
-834.954769
 1352.442216
-904.412822
 1221.209963
-912.005628
 1211.335854
-923.044656
 1203.652284
-974.326666
 1192.466075
-1053.489726
 1234.064097
133.600429
 811.745765
68.566881
 812.51301
31.236512
 796.022803
-140.974548
 790.207308
-141.674909
 819.918593
-144.109498
 877.806671
-141.408105
 892.039622
-134.148804
 903.281429
-83.478221
 943.923175
-24.136497
 993.638426
-19.456305
 1005.647479
-21.62409
 1031.778286
-31.284629
 1064.881016
-43.201888
 1103.765882
-40.055821
 1147.565563
-49.29392
 1236.599341
578.174213
 1134.611354
579.163612
 1138.503177
583.488065
 1141.627754
594.171354
 1139.870874
611.891607
 1136.068008
644.775237
 1129.01825
674.913006
 1123.224994
733.343148
 1114.073651
591.525545
 1258.015484
583.510299
 1220.987573
579.252547
 1202.262348
588.379478
 1199.237846
603.409453
 1194.267433
600.563541
 1201.906524
594.50486
 1208.678295
583.510299
 1220.987573
-1454.396539
 -25.874497
-1501.58755
 -35.570695
-1510.380975
 -38.028103
-1516.195085
 -42.798365
-1521.25325
 -52.461204
-1501.676485
 -72.665323
-1493.461136
 -87.887908
-1490.815326
 -162.221717
-1493.850225
 -262.174836
-1496.518268
 -289.017291
-1505.900886
 -317.171847
-1510.103054
 -343.869749
-1513.704912
 -540.417901
-1511.726113
 -564.969741
-1503.288427
 -599.295615
-1493.3055
 -641.227222
-1491.871427
 -658.762661
-1490.993196
 -689.152235
-1501.476381
 -1046.499371
-1503.221726
 -1075.254379
-1503.27731
 -1089.68748
-1502.354612
 -1097.081943
-1500.442515
 -1103.197664
-1492.771891
 -1116.374263
-1475.129457
 -1139.080267
-1445.591997
 -1172.627776
-1384.293709
 -1254.878663
-1319.404679
 -1342.922806
-1326.185955
 -1321.940323
-1327.831249
 -1313.711899
-1331.121835
 -1306.917889
-1368.763475
 -1253.6444
-1372.054062
 -1250.141759
-1384.293709
 -1238.054871
-1409.339963
 -1230.482496
-1443.791068
 -1231.260861
-1442.923954
 -1224.2667
-1445.7921
 -1216.883357
-1457.676009
 -1199.637024
-1475.563014
 -1180.544855
-1494.650638
 -1157.293996
-1514.327455
 -1126.882183
-1523.154231
 -1108.801888
-1525.911209
 -1101.9634
-1528.423616
 -1089.843153
-1529.235146
 -1076.788869
-1528.579252
 -1058.930963
-1524.888459
 -1037.570418
-1521.720158
 -1060.009554
-1522.542804
 -1073.92004
-1521.709041
 -1083.649596
-1519.496789
 -1093.290196
-1515.127868
 -1103.397815
-1507.901918
 -1113.827899
-1495.362116
 -1128.861453
-1479.742948
 -1146.552566
-1474.495796
 -1153.235381
-1452.462208
 -1178.287598
-1301.006299
 -1383.453357
-1291.234592
 -1396.674434
-1315.480433
 -1382.408125
-1325.363309
 -1372.745285
-1400.435369
 -1271.535663
-1404.959925
 -1267.421451
-1412.986288
 -1264.341351
-1459.621457
 -1252.910513
-1443.646549
 -1264.385829
-1434.58632
 -1281.887911
-1415.843318
 -1297.544157
-1389.885482
 -1308.463498
-1360.637061
 -1308.663649
-1342.716705
 -1302.692482
-1335.512989
 -1285.1904
-1340.504453
 -1267.210181
-1345.829422
 -1258.214511
-1353.611214
 -1249.730338
-1376.578618
 -1230.827201
-1398.089715
 -1210.823233
-1418.077804
 -1189.685078
-1450.928083
 -1151.111558
-1470.893938
 -1127.360321
-1483.0113
 -1116.151873
-1492.460619
 -1104.131701
-1495.539986
 -1094.090799
-1497.418733
 -1076.043863
-1501.476381
 -1046.499371
-1645.537763
 261.907714
-1627.641465
 235.43358
-1611.988946
 198.016487
-1603.184404
 184.895486
-1591.411665
 173.564723
-1575.759146
 165.51421
-1561.140493
 165.069431
-1502.254561
 166.859669
-1485.557058
 169.984246
-1469.004075
 176.244521
-1459.899378
 182.40472
-1457.064582
 187.886629
-1456.742194
 190.811056
-1457.920579
 200.907555
-1461.255633
 242.594533
-1463.97926
 301.861429
-1466.936341
 314.482053
-1475.863169
 340.546144
-1477.508462
 352.621913
-1473.784318
 362.462664
-1466.62507
 371.847516
-1440.533832
 392.129471
-1437.387765
 398.912361
-1436.798572
 400.179983
-1434.130529
 410.810218
-1435.364499
 419.172077
-1453.562776
 463.705645
-1466.769589
 479.795551
-1504.466813
 514.165903
-1511.047986
 525.107484
-1511.94845
 537.194372
-1507.468361
 547.624456
-1473.184009
 586.387008
-1463.934793
 590.857044
-1454.996849
 590.71249
-1447.092771
 587.732466
-1439.789004
 581.171966
-1423.391656
 564.770714
-1400.579888
 528.843633
-1392.531292
 510.50759
-1387.751048
 503.791416
-1380.147125
 495.15157
-1362.86043
 489.091447
-1347.630351
 489.847572
-1297.182104
 497.375469
-1259.395945
 514.721877
-1206.980017
 543.510244
-1139.12279
 600.619958
-1132.752837
 606.046271
-1067.21903
 661.932841
-965.611059
 756.370692
-955.783767
 785.181297
-963.154236
 823.754818
-977.172579
 879.3634
-979.929556
 890.271623
-983.742635
 917.036241
-980.907839
 930.034928
-976.127595
 939.241868
-945.62297
 972.166686
-888.13776
 1041.229855
-872.018333
 1056.619233
-855.576518
 1069.262096
-830.596966
 1078.969413
-756.03628
 1091.512201
-672.181912
 1105.622837
-648.191758
 1110.459816
-555.677367
 1129.129445
-528.796833
 1133.38821
-501.160354
 1134.789266
-485.974743
 1135.256285
-452.968828
 1136.724058
-425.4324
 1155.260252
-414.715761
 1166.157355
-452.657556
 1198.148136
-469.410643
 1209.745766
-476.736644
 1213.626469
-485.930276
 1218.496807
-622.745298
 1290.929182
-724.575606
 1333.027582
-745.49751
 1338.064712
-765.796871
 1342.223402
-784.528756
 1349.339877
-804.416794
 1358.735849
-830.44133
 1374.147465
-862.72465
 1394.785244
-917.88644
 1428.488426
-936.596091
 1441.097931
-1034.235349
 1501.754763
-987.511245
 1481.572884
-976.149829
 1479.971677
-963.765663
 1480.260784
-948.757921
 1482.017664
-940.164599
 1485.942845
-927.446927
 1495.716879
-934.194852
 1482.451324
-938.274735
 1469.919656
-939.152966
 1455.35312
-936.596091
 1441.097931
-936.195885
 1421.694416
-406.989553
 1160.108351
-417.672842
 1149.600431
-435.960053
 1137.76929
-452.568621
 1129.474149
-469.388409
 1127.205772
-456.23718
 1125.29322
-427.099927
 1121.056693
-383.788696
 1113.306406
-355.062766
 1107.924572
103.129155
 1359.870037
91.545401
 1378.595262
83.218884
 1390.515359
74.481043
 1402.846876
67.922104
 1404.637114
57.78354
 1400.456185
-27.282565
 1345.937313
-33.808153
 1341.756383
-48.371221
 1332.471607
-52.540039
 1323.531535
-52.540039
 1315.781248
-41.412076
 1298.857381
-37.065389
 1292.252402
92.490333
 1177.899539
124.095526
 1182.658682
128.030889
 1189.341497
125.663001
 1207.488509
181.491801
 1216.940078
193.031087
 1225.869031
238.743558
 1232.45177
252.005955
 1228.426514
272.872274
 1231.451016
320.352323
 1237.344347
503.869215
 612.517815
518.487868
 594.181772
537.542141
 612.918117
272.872274
 1231.451016
277.263429
 1204.252737
325.12145
 1211.402571
553.572633
 946.636331
555.896054
 957.711346
594.171354
 1139.870874
593.415409
 1144.774571
603.409453
 1194.267433
-1490.815326
 -162.221717
-1496.740605
 -189.053052
-1501.832121
 -193.567566
-1508.824617
 -195.469
-1527.267464
 -198.615816
-1535.204892
 -202.174054
-1538.617764
 -203.541751
-1270.946348
 877.40637
-1272.247019
 836.519995
-1273.025198
 812.257262
-1274.148
 777.264219
-1261.030122
 752.445511
-1262.397494
 725.892163
-1264.598629
 683.337864
-1252.081061
 656.506528
-1252.603552
 630.642588
-1253.426199
 589.856289
-1206.980017
 543.510244
-617.69825
 1192.188087
-647.246826
 1209.612332
-642.177545
 1216.473059
-628.759512
 1219.453083
-609.082694
 1208.422547
-617.69825
 1192.188087
-626.969699
 1174.730484
-643.667202
 1184.271009
-647.246826
 1209.612332
-651.704682
 1211.947426
-686.289189
 1230.083318
-729.822758
 1252.444618
-722.874729
 1264.431431
-748.032151
 1277.641389
-752.801278
 1274.016434
-751.900814
 1263.286124
-745.07507
 1207.077088
-771.844435
 1203.051832
-775.757565
 1202.462499
-783.216968
 1195.901998
-806.495644
 1193.422351
-844.937697
 1189.341497
-855.031793
 1194.411986
-860.445697
 1189.93083
-903.979265
 1160.419697
-947.212679
 1136.268159
618.08369
 584.79692
603.909711
 590.534578
594.671612
 598.362701
594.560444
 604.122598
594.049069
 631.854613
602.697975
 642.140144
601.797511
 672.262849
612.113944
 684.52765
630.123234
 684.783398
635.759475
 680.391199
642.073843
 669.471857
642.674153
 659.786779
605.377135
 616.632028
594.560444
 604.122598
504.269422
 766.611745
505.514508
 749.231978
503.880332
 738.646221
499.311308
 723.701623
487.060544
 698.860676
493.886288
 695.413633
496.398695
 691.733081
496.09854
 679.557237
-520.748237
 558.610515
-522.093375
 580.682708
-526.784684
 597.228513
-535.277954
 607.947704
-546.672722
 617.110166
-560.980102
 621.580202
-576.621504
 620.012353
-590.250757
 615.998217
-601.645524
 607.947704
-657.730012
 554.76317
-702.197396
 519.681171
-770.577115
 474.76954
-828.896088
 423.820025
-870.97335
 381.821701
-1007.221413
 223.60244
-1023.407541
 211.826897
-1038.726554
 211.093011
-1053.700946
 218.465234
-1162.079076
 337.56612
-1206.768797
 299.137154
-1217.274216
 283.936807
-1217.496553
 271.649768
-1214.58394
 265.389493
-1193.361881
 240.593025
-1182.634124
 232.764902
-1171.01702
 228.739646
-1158.054778
 230.529884
-1102.848521
 280.689915
987.229675
 1320.073373
982.894105
 1330.069796
991.242856
 1355.110894
997.801795
 1372.401705
997.50164
 1388.213624
997.201485
 1395.063231
991.543011
 1415.044959
991.543011
 1424.88571
997.801795
 1433.825783
1004.483019
 1461.190854
1005.917092
 1467.061946
1009.074277
 1481.094746
1013.598833
 1504.790385
1011.089967
 1507.969038
651.14519
 1507.470182
615.626867
 1485.698216
574.90586
 1462.558552
562.232656
 1449.115085
572.37122
 1434.848776
574.48342
 1430.867997
578.685588
 1430.234186
583.443598
 1430.267545
597.750979
 1430.745683
608.256398
 1432.157859
637.015678
 1445.323338
638.95001
 1423.551371
604.154282
 1420.927171
599.05165
 1420.671423
507.182035
 1442.298836
491.507283
 1454.063259
483.05848
 1466.53933
461.413981
 1498.518991
-1260.685499
 894.630464
-1237.317889
 906.005705
-1225.845304
 922.395837
-1225.678552
 929.55679
-1224.922606
 963.393406
-1224.833671
 967.129556
-1223.432949
 1027.597357
-1260.874486
 1028.698187
-1276.682641
 1013.72023
-1313.357115
 1015.354796
393.401118
 1124.803962
383.095801
 1122.413271
368.944057
 1120.078178
-44.280222
 1383.921499
-37.643465
 1380.063036
-31.684836
 1380.218708
-17.666493
 1388.714001
-24.525587
 1401.390222
10.803749
 1432.991821
20.53099
 1422.728529
-1039.493617
 806.119302
-1031.41167
 811.690168
-1036.280848
 819.451574
-1038.493101
 822.687346
-977.172579
 879.3634
-995.515374
 881.020205
-1001.851977
 877.584281
-1006.020794
 871.246171
-1008.555435
 865.630827
-1012.713135
 856.223736
-1023.941149
 840.656446
-1038.493101
 822.687346
-1046.141491
 814.914821
456.867191
 1335.69626
448.707426
 1326.022301
430.96494
 1350.618619
425.206414
 1359.058314
-1454.807862
 186.507812
-1455.852846
 177.211917
-1460.977712
 170.306712
-1470.427031
 160.365885
-1476.8081
 151.481411
-1485.079034
 135.991957
-1489.803693
 123.749396
-1495.740089
 115.676644
-1524.888459
 -1037.570418
-1514.116235
 -628.717792
-1516.406305
 -613.817672
-1528.112344
 -570.69628
-1529.368548
 -556.096386
-1524.554954
 -343.647359
-1523.109764
 -319.629255
-1521.542288
 -289.69558
-1522.209299
 -253.490512
-1527.267464
 -198.615816
-1528.923874
 -180.702313
-1518.296169
 -119.222638
-1520.463954
 -90.356435
-1524.043579
 -70.385827
-1523.143114
 -61.290082
-1521.25325
 -52.461204
-1528.712654
 -43.543371
-1539.896201
 -39.673788
-1550.257101
 -35.870921
-1565.842919
 -32.212608
-1485.412539
 -29.310421
-1454.396539
 -25.874497
-1429.839427
 -22.394096
-1416.599263
 -20.514902
-1383.282076
 -12.909169
-1347.496949
 4.237089
-1303.96338
 34.204121
-1262.219624
 72.221667
-1239.241104
 96.195293
-1227.757402
 106.758811
-1191.772172
 147.155928
-982.530898
 350.2757
-923.956237
 393.25254
-1159.644487
 161.822539
-1274.892828
 52.095385
-1303.96338
 26.298162
-1327.964651
 8.406898
-1352.866386
 -5.603662
-1375.822672
 -15.28874
-1400.724407
 -22.149467
-1447.882067
 -28.409742
-1490.326185
 -32.590671
-1591.256029
 -39.595951
-1645.537763
 -41.35826
-864.180957
 424.653987
-911.983394
 379.708997
-1149.06125
 151.681561
-1267.222205
 43.711288
-1298.949683
 18.470039
-1322.795317
 -1.066909
-1347.652585
 -15.010753
-1373.754939
 -25.941214
-1398.567739
 -33.546947
-1427.938446
 -39.718266
-1491.749141
 -44.44405
-1590.666836
 -52.1165
-1645.537763
 -54.507548
-1175.663862
 20.582743
-1198.7202
 27.576904
-1226.445614
 23.329258
-1253.126044
 10.052583
-1314.402099
 -22.149467
-1337.213867
 -31.245212
-1373.888341
 -42.720529
-1410.273778
 -49.725809
-1547.644642
 -53.117255
-1590.666836
 -52.1165
-1447.882067
 -28.409742
-1405.493534
 -19.769896
-1375.533634
 -11.118931
-1352.121557
 0.356386
-1328.865115
 16.757637
-1301.695544
 42.276873
-1266.844232
 79.671727
-1241.197669
 113.964242
-1222.710354
 137.070548
-1207.502509
 152.58224
-1142.657947
 214.895877
-1125.360134
 229.506891
-1107.617648
 235.466939
-1091.809494
 231.897581
-1079.436444
 225.926414
-1070.787538
 214.150871
-1065.429218
 202.230775
-1064.08408
 191.344792
-1066.018411
 177.323111
-1072.288312
 166.448248
-1137.544197
 102.077505
-1147.427073
 86.83268
-1151.151217
 76.10237
-1153.830377
 58.655886
-1152.173967
 31.268575
734.399248
 1119.488844
741.236109
 1119.411008
802.289826
 1117.876518
860.408697
 1108.736295
898.67288
 1113.250809
1037.522285
 1130.219155
1050.273308
 1131.775884
1254.245196
 734.632084
1306.127516
 763.20918
1352.006739
 790.029396
1395.31797
 812.946671
1438.306813
 824.744452
1491.323051
 834.774235
1546.306971
 838.38807
1612.563373
 827.802313
1645.537763
 818.993982
1645.537763
 779.299691
1638.098768
 781.61194
1593.197827
 790.084994
1540.681847
 795.944966
1505.385862
 804.106674
1477.749383
 815.292884
1453.381256
 847.8174
1435.60542
 869.633844
1406.857256
 928.91186
1386.958102
 955.265057
1359.077053
 977.77091
1336.220818
 993.705143
1383.067206
 976.570005
1480.673113
 918.693046
1598.7229
 872.269164
1645.537763
 848.592045
250.33996
 1507.969038
252.717433
 1499.675418
259.503679
 1507.969038
691.243653
 1232.663041
676.069158
 1234.286487
609.868341
 1251.499461
591.525545
 1258.015484
568.947231
 1266.054877
558.653032
 1273.66061
546.713539
 1286.648178
536.797313
 1300.725455
507.637826
 1345.848357
477.833562
 1392.350075
471.007819
 1400.211556
464.982488
 1405.804661
456.444751
 1436.272071
455.455351
 1448.370079
453.976811
 1466.483732
453.676656
 1493.103798
454.335593
 1507.969038
1040.657236
 1107.401956
1046.048906
 1121.968491
1050.273308
 1131.775884
1055.942899
 1149.066695
1060.712026
 1174.408019
1062.435137
 1192.56615
1062.690824
 1200.160764
1061.601374
 1229.571822
1062.379553
 1243.549024
1067.526652
 1264.197922
1072.973907
 1270.980812
1090.783094
 1299.335519
1097.764473
 1309.932395
1187.021629
 1451.250028
1219.921098
 1507.969038
-1448.526844
 660.031408
-1457.175751
 640.049679
-1503.355128
 585.208341
-1529.624235
 560.678741
-1555.659888
 550.938065
-1645.537763
 553.533973
-1503.355128
 585.208341
-1513.704912
 603.922448
-1526.033494
 637.859139
-1560.69582
 671.406649
-1622.416548
 671.58456
-1645.537763
 671.649078
-1645.537763
 1488.452447
-1621.971874
 1489.378768
-1547.844746
 1480.850117
-1487.902713
 1463.103407
-1430.095114
 1434.826537
-1373.777173
 1399.177443
-1269.267704
 1318.316493
-1096.011661
 1181.146431
-966.533757
 1076.145062
-855.965608
 990.736239
-741.562147
 888.170039
-654.772931
 812.31286
-613.36268
 786.382203
-569.751294
 763.954186
-483.740257
 741.07027
-381.55421
 734.999027
-367.924956
 734.187304
-305.148128
 736.311127
-188.165558
 740.280786
-1645.537763
 -346.705093
-1575.748029
 -346.860892
-1533.437313
 -346.949848
-1498.341431
 -347.027685
-1445.947736
 -346.6941
-1430.728774
 -340.745171
-584.725685
 137.337416
-199.426923
 147.256003
247.436931
 159.454087
928.844
 -503.890368
1039.000826
 -383.688652
778.633178
 -63.158156
917.426999
 75.991175
1533.978389
 -613.573043
1632.217956
 -530.777301
1473.302644
 -347.361269
1463.253016
 -335.763639
1513.53451
 -299.55857
1575.433107
 -299.736482
1576.478091
 739.124359
1645.537763
 704.424063
109.176719
 1413.399275
101.850717
 1406.471831
83.218884
 1390.515359
80.150634
 1387.891158
-27.282565
 1345.937313
-23.03593
 1340.599956
-31.084526
 1335.496109
-41.223089
 1328.935608
-47.392939
 1322.286152
-46.61476
 1316.281626
-43.713263
 1312.790105
-38.566163
 1306.340799
-35.975938
 1302.549052
-41.412076
 1298.857381
-5.793702
 1479.982797
54.337318
 1419.42604
101.850717
 1406.471831
57.327749
 1376.193452
52.258468
 1373.057755
51.057848
 1371.42319
47.778379
 1366.953154
16.773496
 1346.826872
-13.186404
 1323.542654
-24.525587
 1325.355132
-31.084526
 1335.496109
-1506.256625
 -1278.351912
-1445.7921
 -1284.823457
-1442.990655
 -1285.112564
-1618.581236
 -1391.303719
-1625.162409
 -1362.904534
-1602.70638
 -1355.521191
-1592.823504
 -1351.084514
-1574.236138
 -1345.491409
611.891607
 1136.068008
595.649895
 1058.631861
571.315119
 942.588836
655.825382
 1048.301852
595.649895
 1058.631861
-1485.090151
 -1333.41564
-1471.605417
 -1324.842511
-1461.722541
 -1323.519291
-1455.730561
 -1318.226413
-1448.982635
 -1311.476881
-1445.7921
 -1284.823457
-1510.747831
 -1326.221328
-1487.491389
 -1330.835918
-1485.090151
 -1333.41564
-1476.796984
 -1342.333473
-1435.975925
 -1361.492359
-1423.547292
 -1369.553991
-1418.377958
 -1377.926969
-1415.098489
 -1386.989356
-1414.831685
 -1396.896824
-1412.06359
 -1413.676138
-1405.182262
 -1416.711759
-873.752561
 1355.8559
-876.843045
 1344.258269
-878.477221
 1374.948069
-879.67784
 1375.059264
749.607094
 781.244997
768.350096
 763.987544
777.53261
 773.972849
784.325003
 767.701455
-1531.191711
 -1263.996647
-1552.825093
 -1281.365295
1388.90355
 1315.180796
1361.533876
 1332.082425
1331.196003
 1351.219072
1306.138633
 1366.519493
-1540.096304
 -1340.532115
-1530.013325
 -1346.970301
957.647748
 -1491.812813
955.357677
 -1449.102842
960.70488
 1479.115476
966.841379
 1470.953769
989.152889
 1464.237595
984.750618
 1447.213652
978.225029
 1442.043088
985.128591
 1129.551985
983.427713
 1143.740458
982.071458
 1154.448529
991.543011
 1159.630213
998.802311
 1163.599872
991.165038
 1165.801531
975.745973
 1170.127014
968.74236
 1178.944772
967.686259
 1186.061247
994.61126
 1480.805639
991.787581
 1478.170319
989.152889
 1464.237595
1000.325319
 1461.93586
1004.483019
 1461.190854
968.008648
 1141.972459
963.728662
 1178.366558
975.745973
 1170.127014
990.831533
 1171.216724
998.10195
 1171.75046
994.778013
 1130.730651
993.922016
 1137.758171
991.809815
 1155.627196
991.543011
 1159.630213
991.165038
 1165.801531
990.831533
 1171.216724
829.926305
 1134.767027
827.947507
 1152.124555
814.140384
 1124.63717
829.926305
 1134.767027
853.182747
 1116.586657
1028.217485
 1171.75046
1035.665772
 1179.500746
1047.894303
 1189.93083
1050.873617
 1195.301545
885.543885
 1169.404247
963.728662
 1178.366558
968.74236
 1178.944772
884.943575
 1175.386534
885.543885
 1169.404247
889.256912
 1132.943431
890.635401
 1119.377649
983.427713
 1143.740458
968.008648
 1141.972459
889.256912
 1132.943431
1017.778767
 1191.721069
1019.568579
 1174.730484
1028.217485
 1171.75046
1027.617176
 1161.909709
1022.848049
 1156.538994
999.291452
 1156.538994
991.809815
 1155.627196
982.071458
 1154.448529
996.512241
 1189.319258
998.10195
 1171.75046
1019.568579
 1174.730484
817.442087
 1166.413103
827.947507
 1152.124555
849.302968
 1169.059543
850.803742
 1172.039567
1033.253417
 1194.078401
1032.063914
 1199.271204
1039.223163
 1136.090247
1037.522285
 1130.219155
-1579.705626
 -336.275135
-1574.680812
 -344.970578
-864.703449
 1334.195128
-857.566434
 1330.192111
-843.670376
 1358.557937
-1626.807702
 499.554889
-1630.231691
 495.084853
-1629.509096
 488.446516
-1618.269964
 480.47384
-1608.020232
 465.295732
-1604.307206
 448.816644
-1607.753428
 438.308724
-1609.054099
 429.023947
-1602.49516
 399.145871
-1587.020511
 374.271566
-1570.789916
 372.948346
-1547.111034
 374.760823
-1536.583381
 375.739339
-1528.946108
 374.360521
-1525.077445
 369.979441
-1520.219384
 365.698437
-1512.348657
 361.172803
-1500.98724
 359.182414
-188.510181
 736.889341
-278.589983
 733.976034
-305.148128
 736.311127
-278.589983
 733.976034
-305.125894
 730.929293
-1132.752837
 606.046271
-1166.081141
 652.714781
-1174.941267
 680.280004
-1181.833712
 718.364266
-1196.608
 760.384829
-1215.317651
 803.061442
-1220.575919
 843.113854
-1219.275248
 889.526617
-1063.328134
 892.806867
-1054.14562
 885.468002
-1049.443194
 885.468002
-1034.468802
 846.872243
-1023.941149
 840.656446
-185.275178
 733.953795
-288.094886
 730.617947
-305.125894
 730.929293
-349.848965
 731.718777
-381.55421
 734.999027
-821.336633
 1320.35136
-781.560558
 1301.003443
-807.607328
 1290.806868
-791.699122
 1282.22262
103.651646
 1347.393966
129.33156
 1324.29878
-596.665178
 1234.019619
-587.138041
 1249.77594
-701.396983
 602.054373
-651.159956
 656.117346
-646.479764
 664.846148
-643.678319
 677.322219
-645.857221
 689.175598
-650.537413
 699.149783
-662.699242
 711.625853
-795.245396
 834.807593
-824.249247
 865.99777
-861.323928
 910.297829
-866.382093
 1475.546119
-878.83296
 1448.948293
-881.389834
 1438.462611
-881.156381
 1427.176326
-878.332702
 1418.058342
-873.241186
 1409.029314
-862.72465
 1394.785244
398.959541
 852.276316
419.058798
 861.939155
425.584386
 863.295733
432.176676
 863.429167
442.582044
 860.360187
449.696825
 857.713748
-1190.660487
 39.130057
-1234.794365
 33.759342
-1257.450497
 30.178865
274.01731
 1418.113939
252.661849
 1445.178785
237.754158
 1453.229297
224.491761
 1452.028392
213.397149
 1447.702909
233.085083
 713.960947
248.18176
 721.611158
257.108587
 727.137546
269.370468
 738.87973
275.651486
 747.819802
-1607.797896
 938.530221
-1562.341113
 933.971229
-1431.106747
 901.391115
-1387.46201
 893.474037
-1348.175077
 889.860201
-1279.806474
 887.669661
-1352.010388
 1090.22234
-1300.317055
 1184.104216
-976.127595
 939.241868
-980.896722
 968.764121
-993.536576
 998.141821
-1006.343182
 1012.252457
-1041.305663
 1036.381756
-1068.553052
 1050.003135
-1097.60137
 1063.302048
-1135.354179
 1063.958098
-1214.472771
 1063.791306
-1241.219902
 1053.950555
-1265.021069
 1050.33672
-1294.569646
 1050.99277
-1311.144863
 1056.574755
-1352.010388
 1090.22234
-1368.263217
 1098.094941
394.212647
 999.153695
326.17755
 985.921499
271.393734
 977.11486
266.691308
 975.658207
-622.745298
 1290.929182
-596.909748
 1340.399805
-583.069275
 1358.468981
-567.294471
 1373.913956
-540.347236
 1391.883056
-503.005751
 1405.704586
658.460074
 1056.141095
664.440937
 1055.095862
723.015598
 1046.233627
786.792943
 1037.304674
827.680702
 1029.554388
856.840189
 1019.680278
896.682965
 989.468617
921.873738
 967.062839
-82.133082
 1401.579254
-87.591454
 1404.370246
-102.198989
 1414.511224
-122.476116
 1433.147493
-140.518757
 1445.367816
-152.691703
 1451.872719
-169.889464
 1456.998805
-191.500612
 1456.843132
-204.774126
 1452.673323
-214.034459
 1445.123187
-271.419617
 1372.412825
-297.043947
 1349.92921
-327.793143
 1322.942202
-371.482347
 1298.634991
-401.64235
 1297.812148
-408.501444
 1302.204348
-421.686023
 1310.632923
-445.420489
 1348.750544
-474.946832
 1390.081698
502.479609
 958.311798
509.238652
 956.766189
532.761898
 951.395474
553.572633
 946.636331
571.315119
 942.588836
631.490606
 928.834023
939.071498
 823.232201
938.315553
 831.994362
940.505571
 840.534132
990.086704
 896.965557
727.251117
 1509.249301
743.070388
 1505.513152
766.760387
 1500.50938
774.386543
 1498.897054
915.80394
 959.790691
972.410919
 912.988746
990.086704
 896.965557
1024.337706
 866.309116
-756.03628
 1091.512201
-762.161662
 1134.767027
-771.844435
 1203.051832
781.41239
 1397.231532
786.348269
 1390.181774
749.284705
 1195.579533
734.399248
 1119.488844
733.343148
 1114.073651
723.304636
 1056.574755
723.015598
 1046.233627
724.227334
 1035.803543
710.775951
 968.241505
698.469603
 888.225636
-144.109498
 877.806671
-150.768489
 893.40732
-160.7403
 916.302355
-485.930276
 1218.496807
-462.873937
 1249.453475
-449.155749
 1257.503987
-422.93111
 1264.954047
-408.501444
 1302.204348
-401.64235
 1297.812148
-414.382255
 1264.353595
-419.451537
 1256.703384
-428.389481
 1253.122907
-443.897481
 1252.433499
-455.125496
 1249.453475
-476.736644
 1213.626469
-648.191758
 1110.459816
-646.679867
 1105.422686
-642.577751
 1091.289811
-643.600501
 1080.681815
-684.710597
 1049.513877
-727.010196
 1050.370078
-806.984785
 1033.412852
-1502.065574
 368.633983
-1500.98724
 359.182414
-1498.708287
 351.076304
-1495.150896
 343.848634
-1486.435289
 340.101365
-1475.863169
 340.546144
343.675466
 1485.920606
355.148051
 1487.944353
-134.148804
 903.281429
-152.902923
 909.575062
-160.7403
 916.302355
-163.830783
 922.829497
-180.172546
 963.293331
1197.304711
 1169.904624
1184.79826
 1177.465879
1108.447762
 1303.494209
1097.764473
 1309.932395
658.971449
 649.345575
662.628891
 662.866878
661.606142
 677.678042
655.792031
 689.753811
649.088573
 698.693884
633.235951
 703.497504
579.252547
 1202.262348
557.53023
 1175.786836
548.4033
 1165.023167
538.153568
 1152.914039
520.399965
 1131.964915
489.361731
 1095.181633
481.946795
 1018.924153
479.245402
 950.428078
455.410884
 915.034733
438.813433
 890.393937
-1368.374386
 -32.590671
-1419.656396
 -52.416726
-1454.696694
 -60.022459
-1472.739335
 -67.772746
-1482.722262
 -75.222806
-1489.281201
 -82.984212
-1493.461136
 -87.887908
-1521.542288
 -289.69558
-1515.794879
 -271.51521
-1509.802899
 -245.66239
-1506.545663
 -195.480119
-1500.209061
 -131.431841
-1496.785072
 -100.953312
-1481.888499
 -79.915232
-1479.320508
 -76.290277
-1468.359298
 -68.751261
-1427.593824
 -54.029053
-1327.586678
 3.859026
-1283.808539
 66.183782
-1279.239515
 76.191326
-1271.50219
 96.840224
-1268.923082
 113.208117
-1269.112069
 129.57601
-1278.505803
 157.19683
-1301.917881
 204.777139
-1335.902079
 265.011431
-1359.75883
 320.47546
-1363.938764
 357.447773
-1363.338454
 402.170373
-1356.779515
 430.202614
-1356.179206
 496.396953
-1363.560791
 536.560561
-1375.711504
 561.968602
-1396.889095
 582.17272
-1279.239515
 76.191326
-1258.873454
 104.979692
-1233.093488
 136.848158
-1147.327022
 219.076806
-1008.444266
 336.721039
-982.530898
 350.2757
-1290.145141
 -1376.37024
-1275.41532
 -1398.753779
-1264.743148
 -1420.403431
-1261.975054
 -1438.939625
-1262.58648
 -1453.495041
-1269.145419
 -1470.085324
-1278.09448
 -1484.618501
-1298.99415
 -1507.65809
-1261.10794
 -1395.573604
-1245.733342
 -1420.258878
-1242.10925
 -1439.084179
-1242.609508
 -1450.348225
-1246.189132
 -1464.04744
-1277.749858
 -1383.809181
-1263.320192
 -1404.269047
-1255.682919
 -1416.645043
-1249.879925
 -1438.639399
-1250.769273
 -1452.105105
-1253.748588
 -1463.15788
-1258.03969
 -1472.031235
-1265.065537
 -1483.028414
-485.974743
 1135.256285
-466.976053
 1146.698243
-459.071976
 1161.609483
-459.227612
 1175.775716
-465.041722
 1188.151712
-468.343425
 1194.423105
1014.332545
 1253.400895
1023.148204
 1252.533574
1034.776424
 1251.343788
1044.614833
 1253.423134
1054.753396
 1257.00361
1058.922214
 1259.394301
1067.526652
 1264.197922
1088.604192
 779.543715
1094.907444
 792.775911
1093.506721
 815.37072
-1607.931298
 -1333.827061
-1605.941382
 -1334.73886
-1601.65028
 -1340.554354
-1598.348577
 -1344.37946
-1595.925104
 -1352.463331
-1594.379863
 -1357.5227
-1583.351951
 -1370.66594
-1578.727344
 -1380.31766
-1573.569127
 -1382.163496
-1567.165824
 -1381.707597
-1562.141009
 -1377.537787
-1561.418414
 -1372.256028
-1563.263811
 -1366.974269
-1566.376528
 -1363.994245
-1572.057236
 -1363.204761
-1576.548442
 -1360.102422
-1579.783444
 -1352.896991
-1582.751642
 -1349.527785
-1583.051797
 -1348.148968
-1583.741041
 -1344.646328
-1582.61824
 -1338.108066
-1583.085147
 -1333.282206
-1585.997761
 -1329.323667
-1590.677953
 -1327.800296
-1603.162171
 -1328.923365
-1607.197586
 -1331.758836
-1614.401302
 -1336.91828
-1619.815206
 -1339.753751
-1627.207908
 -1339.953902
-1630.909818
 -1336.91828
-1631.832516
 -1331.758836
-1630.776416
 -1327.399994
-1627.27461
 -1323.77504
-1622.194211
 -1322.774285
-1617.769706
 -1324.097505
-1613.467487
 -1330.835918
-1611.79996
 -1332.570558
-1456.708843
 -675.486378
-1469.848955
 -642.150139
-1479.9097
 -609.380995
-1488.258452
 -572.408681
-1492.827475
 -536.915261
-1494.550586
 -503.601261
-1493.694589
 -462.659289
-1490.192783
 -344.692591
246.491999
 948.671198
225.703497
 948.282016
-806.495644
 1193.422351
-833.909786
 1211.402571
-854.464834
 1219.330769
107.209037
 1124.592692
186.016357
 1137.33563
204.147933
 1140.393491
209.650772
 1099.584953
201.524357
 1098.250613
277.263429
 1204.252737
254.896335
 1200.372034
245.213562
 1190.231057
200.479374
 1183.381449
185.571684
 1189.786277
137.257871
 1181.924796
93.5242
 1174.419138
170.786279
 899.767669
165.750347
 900.112374
143.99468
 900.868499
328.211933
 967.563216
326.17755
 985.921499
1080.866867
 933.081669
1095.763441
 922.028894
1118.397339
 953.708328
1183.519822
 925.920716
1200.061689
 918.859838
1214.702575
 912.610683
1222.539952
 931.024563
144.872911
 1077.079099
163.66038
 1014.765462
165.294557
 1003.579253
165.372375
 985.565675
165.750347
 900.112374
165.894866
 885.356807
161.870568
 879.685866
155.155993
 875.960836
152.776988
 869.700561
149.052845
 834.66304
152.776988
 828.547319
159.780601
 827.502087
245.5026
 827.057307
258.420375
 821.864504
276.073926
 808.721263
286.957318
 804.551454
297.985229
 806.186019
303.210147
 811.701287
305.233413
 820.074265
301.865008
 827.357533
292.326755
 845.993803
292.771429
 857.624792
125.663001
 1207.488509
116.102514
 1206.042975
991.376258
 1504.378963
1009.074277
 1481.094746
1158.707022
 1155.371447
1139.019088
 1123.491862
1150.447206
 1220.709586
1135.561749
 1229.271595
1079.499495
 1265.654575
1072.973907
 1270.980812
-1458.520889
 101.143467
-1463.13438
 72.822119
-1471.783286
 62.981368
-1477.452877
 57.610653
-1485.0568
 31.81343
-1487.73596
 17.435926
-1488.402971
 7.661892
-1486.690976
 -2.245576
-1483.18917
 -11.263484
-1485.412539
 -29.310421
1034.365101
 1100.30772
1043.414214
 1092.435119
1048.78365
 1087.064404
1047.293993
 1079.314117
1043.414214
 1065.292437
1043.714369
 1052.471662
1047.293993
 1039.350661
1052.06312
 1032.501053
1058.622059
 1026.229659
1063.091031
 1021.17029
1062.201683
 1014.309563
1059.522523
 1009.839527
1057.621543
 1005.380611
865.433511
 1369.499517
863.910503
 1362.86118
858.252029
 1329.758451
868.979785
 1327.679106
882.998127
 1339.599202
886.310948
 1342.723779
851.581921
 1387.268467
865.433511
 1369.499517
886.310948
 1342.723779
950.477382
 1260.450653
-1483.18917
 -11.263484
-1453.740645
 1.179228
-1450.76133
 2.302297
-1441.367596
 -1.27818
-1434.063828
 -7.316064
-1431.30685
 -12.241999
-1429.839427
 -22.394096
1054.842331
 1006.92622
1053.263739
 1004.324259
1044.87052
 990.791836
1043.803303
 987.333674
1045.215143
 984.942983
1062.157216
 969.064348
1066.392734
 970.476523
1069.816723
 972.867214
1083.123587
 993.271483
-1226.590133
 740.992434
-1218.98621
 772.594032
-1220.031194
 777.964747
-1227.034807
 802.861291
-1232.404243
 809.277238
-1241.197669
 812.401815
-1273.025198
 812.257262
-1036.758873
 1487.633008
-1060.437754
 1440.508598
1096.597204
 986.888894
1098.998443
 992.671031
1099.465351
 997.018752
1096.308166
 1012.252457
1004.116163
 950.17233
972.410919
 912.988746
189.373645
 741.059151
194.053837
 712.604369
-421.686023
 1310.632923
-402.798502
 1322.497422
-350.916182
 1329.057923
-338.398614
 1327.267684
-327.793143
 1322.942202
1225.263579
 1429.133357
1167.589382
 1342.757138
1080.021987
 994.739256
1083.968467
 998.797871
1087.548092
 1003.579253
1086.60316
 1010.740206
602.697975
 642.140144
635.759475
 680.391199
455.410884
 915.034733
444.382973
 920.372089
441.703813
 930.65762
452.842893
 933.437493
-855.031793
 1194.411986
-854.464834
 1219.330769
-868.794448
 1230.183394
-655.840148
 1290.673434
-665.100481
 1272.248435
-686.289189
 1230.083318
1200.061689
 918.859838
1198.705434
 915.879814
1219.227131
 907.729226
518.487868
 594.181772
532.05042
 572.710032
540.54369
 555.419221
548.747922
 534.992712
552.627701
 531.423355
558.719733
 531.223204
564.822881
 532.568663
577.429384
 544.433162
497.443678
 644.452998
497.310276
 631.609984
605.377135
 616.632028
620.462695
 604.445064
1250.899025
 894.875093
1324.525896
 861.705646
1375.129778
 838.899567
1301.825296
 804.996233
1324.525896
 861.705646
1091.705792
 989.223988
1093.717941
 993.694024
1090.349537
 1011.351778
965.518475
 1034.002185
969.1648
 1044.421149
1004.060579
 1086.463951
1012.40933
 1087.953963
1020.969302
 1085.874618
974.300783
 1298.701708
978.414016
 1303.527567
983.483297
 1313.368319
987.229675
 1320.073373
999.291452
 1349.451072
1005.550237
 1367.331216
1007.640204
 1386.423385
1007.640204
 1391.782981
981.99364
 1496.150539
994.61126
 1480.805639
1005.917092
 1467.061946
532.761898
 951.395474
527.581447
 941.243377
522.756736
 934.782952
495.520464
 933.793317
490.751337
 937.073567
505.814663
 953.174593
509.238652
 956.766189
574.48342
 1430.867997
567.757729
 1427.243043
554.717668
 1413.265841
967.08595
 1021.259246
968.575607
 1026.229659
965.518475
 1034.002185
961.427475
 1038.516699
899.706747
 1104.733278
898.67288
 1113.250809
1024.560043
 1027.119219
1024.326589
 1025.3401
1018.290142
 1016.044204
-1094.333018
 1456.46507
-1101.670136
 1442.009729
-1107.273026
 1430.37874
-1109.029488
 1426.720427
413.189103
 1123.803208
418.780877
 1108.113603
-1104.215894
 1443.232873
-1101.670136
 1442.009729
413.189103
 1136.946448
410.999085
 1133.188059
-1065.56262
 1324.409975
-1046.930787
 1365.93016
137.257871
 1181.924796
128.030889
 1189.341497
186.016357
 1137.33563
186.716719
 1132.376336
-1325.285491
 1493.326188
-1325.129855
 1476.62471
-1243.243168
 1431.724198
-1227.268261
 1423.395698
-1242.542807
 1392.68366
165.372375
 985.565675
230.094651
 985.710228
234.774844
 982.852519
238.054313
 967.351946
240.11093
 958.233962
243.312581
 952.229436
246.491999
 948.671198
261.61091
 942.599955
274.217413
 944.857212
294.405605
 960.935999
328.211933
 967.563216
357.716042
 973.334233
-561.647113
 1242.892974
-564.437441
 1237.889202
-569.640125
 1228.537709
-583.280495
 1209.434421
-1429.216883
 167.793706
-1414.14244
 189.109774
-1395.243802
 175.321603
-1411.152009
 154.605988
-1262.397494
 725.892163
-1298.449425
 727.081948
-1361.726512
 729.194652
-1555.659888
 550.938065
-1554.770541
 535.904511
1068.771739
 812.045992
1064.980895
 833.918034
1093.306618
 838.543743
-1107.273026
 1430.37874
-1109.563096
 1431.47957
-1237.317889
 906.005705
-1228.668983
 894.374715
-1219.275248
 889.526617
-1185.291051
 888.403548
-1402.169597
 148.056607
-1411.152009
 154.605988
-1429.216883
 167.793706
-1454.807862
 186.507812
-1457.064582
 187.886629
-1224.833671
 967.129556
-1194.829304
 967.718889
-1184.801909
 978.604872
-1148.46094
 978.237929
-1148.016266
 992.0261
-1157.254365
 997.986148
-1184.83526
 998.364211
-1184.801909
 978.604872
-1272.247019
 836.519995
-1313.05696
 838.021127
-1371.798374
 840.178308
-1360.614827
 822.731824
-1313.501634
 820.719196
-1313.05696
 838.021127
-1286.965723
 632.35499
-1252.603552
 630.642588
-1240.45284
 630.542513
-1224.500166
 630.409079
-1214.205967
 638.615265
-1213.916929
 645.242482
-1240.008166
 645.464872
-1240.45284
 630.542513
-1224.922606
 963.393406
-1261.908352
 964.549834
-1304.263535
 965.861934
-1304.852728
 948.715676
-1262.063988
 947.52589
-1261.908352
 964.549834
-1225.678552
 929.55679
-1159.644487
 928.144615
-1622.416548
 671.58456
-1622.561067
 692.055546
-1551.00193
 692.289056
-1508.357709
 646.510104
-1298.449425
 727.081948
-1298.894099
 713.905349
-1308.132198
 714.194456
-141.674909
 819.918593
-166.654462
 820.074265
397.925674
 1134.989417
401.961089
 1142.906496
407.163773
 1104.755517
404.351211
 1116.364267
-182.584902
 899.867745
-181.328698
 910.842684
-172.390754
 921.128215
-163.830783
 922.829497
-729.822758
 1252.444618
-726.265367
 1209.912559
-745.07507
 1207.077088
-1274.148
 777.264219
-1281.296132
 772.716346
-1360.314672
 775.774207
-1361.370773
 740.658849
-1361.726512
 729.194652
-1361.959966
 721.35541
-1410.862971
 723.7461
-1425.170351
 742.82715
-1361.370773
 740.658849
459.701986
 1158.029006
440.469843
 1134.611354
413.400323
 1128.162049
8.213524
 1473.678044
19.452655
 1485.776052
26.16723
 1488.600403
43.709613
 1488.322416
-1168.371211
 1466.405896
-1158.454985
 1485.865008
-1094.333018
 1456.46507
-1060.437754
 1440.508598
-1012.757602
 1419.8597
-1040.060576
 1363.361558
-1046.930787
 1365.93016
-1092.42092
 1388.046831
-1109.996653
 1353.331775
-1114.020952
 1350.574141
-1120.880046
 1349.306519
-1136.610382
 1357.056805
-1142.024286
 1357.968604
-1163.068476
 1357.801811
-1170.972553
 1359.002716
-1176.642144
 1364.506865
-1186.480553
 1393.361949
-1184.990896
 1400.889845
-1179.510291
 1412.342923
-1162.923957
 1404.625995
-1113.720797
 889.526617
-1081.526411
 887.513988
-1073.322179
 892.662314
-1073.17766
 906.973101
-1063.039096
 906.517201
-1063.328134
 892.806867
-1073.322179
 892.662314
769.383962
 1508.537654
766.760387
 1500.50938
-67.803468
 1323.931837
-94.150393
 1318.494405
-114.872193
 1307.019088
-141.263586
 1281.377538
-157.271844
 1258.404666
-160.962636
 1220.609511
-150.901891
 1197.770073
-1031.41167
 811.690168
-1028.632458
 812.535249
-1015.51458
 815.415198
-1009.177978
 814.05862
-1003.597321
 811.701287
-998.672559
 806.675277
-996.349138
 802.527706
-994.759429
 798.113267
-995.148518
 795.600262
-995.782179
 793.276288
-997.861029
 789.395585
-1001.273901
 785.826228
-1017.926936
 774.573301
-1039.638136
 762.197306
-1041.883739
 761.908199
-1043.773602
 762.275143
-1047.597797
 763.620601
-1048.453795
 764.043142
-1049.220857
 764.576878
-1050.276957
 765.722185
-1051.988952
 768.424222
-1059.1482
 781.17828
-1063.861743
 790.118352
-1059.125967
 797.056916
-1056.491274
 800.837543
-1054.001101
 804.329064
-1048.509379
 812.001514
379.115971
 1219.986819
375.058322
 1218.963826
372.390279
 1217.151348
366.264897
 1212.647954
297.707308
 1479.515778
323.387222
 1433.047418
361.295667
 1364.440148
387.809344
 1377.972571
455.455351
 1448.370079
428.88609
 1446.435287
321.030451
 1508.537654
297.707308
 1479.515778
294.805811
 1475.846345
277.54135
 1466.472613
156.01199
 1346.448809
129.33156
 1324.29878
139.169969
 1288.961032
134.345258
 1381.842154
140.437289
 1371.879089
156.01199
 1346.448809
159.447096
 1340.844585
167.795847
 1313.713023
176.87831
 1277.485716
-1456.742194
 190.811056
-1463.089913
 189.276566
-1470.049058
 190.332918
-1474.584731
 192.212112
-1485.935031
 192.645772
-1496.773956
 188.464843
-1503.655283
 193.379659
-1508.413293
 202.241895
-1524.510486
 209.002546
-1539.22919
 213.07228
-1557.594219
 213.461463
-1577.882463
 212.705337
-1587.498535
 216.030065
-1593.034724
 222.312579
-1599.271275
 236.156347
-1597.147957
 254.003133
-923.956237
 393.25254
-776.947067
 529.444086
-1137.355211
 138.082422
-1160.278147
 104.112372
-1169.883102
 91.091446
-1173.851816
 75.835502
-1168.260043
 47.525274
-1288.121875
 196.737746
-1253.793055
 155.773535
-1238.907598
 145.610318
-1225.000424
 141.19588
-1209.548008
 142.185515
-1191.772172
 147.155928
-813.499257
 1487.243825
-850.296017
 1440.397403
-850.273783
 1431.24606
-843.114534
 1418.703273
-834.743549
 1412.298445
-809.341556
 1404.559278
-792.366133
 1393.495383
-781.038067
 1378.584143
-784.528756
 1349.339877
861.109058
 1439.874787
851.581921
 1387.268467
813.351088
 1182.680921
1403.922409
 1320.206806
1513.045368
 1499.119443
-1480.610062
 -663.910987
-1494.306016
 -606.879109
-1509.202589
 -535.814431
-1505.95647
 -463.882433
-1504.589098
 -380.819823
-1504.066607
 -349.140388
-1497.051877
 -309.755145
-1480.954684
 -271.7376
-1461.944877
 -253.579468
-748.683585
 -1507.969038
-737.915821
 -1484.107004
-710.123707
 -1417.612438
-673.682686
 -1373.657084
-587.649415
 -1310.1759
-566.23837
 -1301.902998
-1319.404679
 -1342.922806
-1310.811358
 -1354.587154
-1290.145141
 -1376.37024
-1277.749858
 -1383.809181
-1261.10794
 -1395.573604
-1238.729729
 -1419.958651
-1233.682681
 -1437.905512
-1235.861583
 -1448.090968
-1246.189132
 -1464.04744
-1265.065537
 -1483.028414
-1298.99415
 -1507.65809
-1299.306653
 -1507.969038
-1312.1335
 -1507.969038
-1300.061368
 -1495.904786
-1286.454348
 -1481.093622
-1277.505287
 -1465.959992
-1272.669459
 -1448.024251
-1273.625508
 -1429.176711
-1281.251664
 -1410.173498
-1291.234592
 -1396.674434
-1645.537763
 -1398.493837
-1618.581236
 -1391.303719
-1599.749299
 -1385.35479
-1566.454346
 -1392.360071
-1548.089316
 -1391.837454
-1529.735404
 -1372.144833
-1512.393124
 -1360.947504
-1506.123223
 -1346.369849
-1510.747831
 -1326.221328
-1508.780149
 -1318.860224
-1459.621457
 -1252.910513
-1645.537763
 -1195.798559
-1645.537763
 -1181.019016
-1457.197984
 -1233.873942
-1443.791068
 -1231.260861
1008.611618
 -1507.969038
1005.339016
 -1506.579499
994.099885
 -1503.132456
983.183143
 -1501.386696
968.653425
 -1499.251754
953.69015
 -1499.040483
939.682925
 -1500.374822
925.898036
 -1503.05462
909.499734
 -1507.969038
1025.926451
 -1507.969038
1022.036519
 -1505.801135
1001.603756
 -1498.351075
975.723739
 -1492.846926
957.647748
 -1491.812813
925.35331
 -1495.437768
903.064034
 -1503.121337
893.432961
 -1507.969038
813.052611
 -1507.969038
815.418821
 -1505.512028
821.510853
 -1503.643953
826.624602
 -1499.829967
829.014724
 -1493.580812
831.371495
 -1489.733468
836.907684
 -1487.098148
841.198787
 -1482.316766
844.222569
 -1476.934932
855.339415
 -1475.166932
865.455745
 -1468.484117
873.104135
 -1466.88291
883.709606
 -1462.835415
889.923922
 -1461.545554
894.492946
 -1460.244573
905.009482
 -1455.162965
914.492152
 -1453.439444
922.574099
 -1453.217054
930.967317
 -1449.814489
943.985144
 -1450.248149
955.357677
 -1449.102842
958.726082
 -1446.789987
971.143599
 -1446.534239
979.759154
 -1449.858967
1003.727074
 -1449.658816
1029.573741
 -1462.379516
1054.14197
 -1479.225547
1060.000548
 -1483.584388
1064.491753
 -1483.10625
1068.527169
 -1485.597017
1070.239163
 -1490.156009
1080.677881
 -1495.048585
1083.979584
 -1494.637164
1087.359105
 -1495.849189
1091.816961
 -1497.016735
1097.319799
 -1502.087224
1109.325993
 -1507.402342
1109.624726
 -1507.969038
954.121655
 -1507.969038
953.69015
 -1499.040483
961.204597
 -1507.969038
964.706945
 -1506.623977
977.767935
 -1507.969038
937.982314
 -1507.969038
942.851226
 -1506.935323
946.208513
 -1506.712933
946.969608
 -1507.969038
1639.210452
 912.065828
1645.537763
 922.18593
1598.7229
 872.269164
1645.537763
 855.758313
1645.537763
 1284.365673
1594.909821
 1204.586322
1459.106432
 990.780717
1623.024325
 1431.613003
1645.537763
 1465.768144
811.43899
 1503.878586
815.897098
 1507.969038
321.599769
 1507.969038
343.675466
 1485.920606
351.246038
 1470.48675
387.809344
 1377.972571
401.038391
 1343.624458
650.841357
 1507.969038
651.14519
 1507.470182
652.501445
 1505.235164
655.658629
 1469.8307
660.505574
 1381.897752
642.329531
 1336.652536
618.072573
 1290.184176
612.158411
 1262.552237
609.868341
 1251.499461
192.647802
 1507.969038
191.018938
 1496.628677
152.476833
 1460.023307
135.9572
 1445.545728
119.971176
 1440.119415
105.975067
 1434.292801
91.567635
 1428.1882
79.728194
 1426.787144
57.983643
 1426.764905
49.812762
 1430.345381
27.656888
 1452.428694
8.213524
 1473.678044
-2.536466
 1485.39799
-9.973636
 1493.559697
453.676656
 1493.103798
461.413981
 1498.518991
474.936356
 1507.969038
-1.428105
 1507.969038
-9.973636
 1493.559697
-30.639852
 1457.98844
-39.544446
 1443.488622
-59.02116
 1412.17613
1131.481867
 1484.875373
1145.521891
 1507.969038
533.54843
 1507.969038
543.589706
 1492.84805
546.924759
 1488.544806
351.246038
 1470.48675
355.148051
 1487.944353
357.539239
 1507.969038
-152.691703
 1451.872719
-132.948185
 1477.970168
-110.750104
 1507.969038
808.062382
 1507.969038
811.43899
 1503.878586
825.657436
 1485.253436
834.050655
 1476.413439
861.109058
 1439.874787
974.300783
 1298.701708
976.168413
 1297.067142
986.229158
 1284.579952
-927.446927
 1495.716879
-917.975374
 1506.369353
-915.975782
 1507.969038
-414.495646
 1507.969038
-451.101197
 1455.775661
-483.529037
 1415.411903
-802.089931
 1507.969038
-806.073204
 1501.765883
-132.948185
 1477.970168
-146.92206
 1486.154115
-158.405762
 1493.437383
-175.725808
 1503.489404
-183.014458
 1507.969038
-175.725808
 1503.489404
-173.075461
 1507.969038
-158.405762
 1493.437383
-149.714068
 1507.969038
-1044.349086
 1507.969038
-1034.235349
 1501.754763
-934.372722
 1420.715901
-936.195885
 1421.694416
-1036.758873
 1487.633008
-1069.913076
 1507.969038
-1205.376742
 1507.969038
-1221.320748
 1475.857465
-1243.243168
 1431.724198
-1221.320748
 1475.857465
-1259.618282
 1497.395922
-1253.940302
 1507.969038
-1452.829064
 1334.606549
-1481.799564
 1348.85062
-1549.389987
 1374.981427
-1627.419129
 1393.039483
-1645.537763
 1394.379353
-1539.996252
 1337.66441
-1583.051797
 1349.362116
-1645.537763
 1361.182774
-1645.537763
 -33.926837
-1589.544035
 -32.368281
-1565.842919
 -32.212608
-1579.961313
 -56.975718
-1620.560035
 -59.121781
-1645.537763
 -60.59064
-1589.544035
 -32.368281
-1592.289896
 2.102146
-1586.375734
 17.969662
-1574.836447
 23.551647
-1559.039409
 26.209206
-1543.186787
 27.832652
-1529.979974
 28.388627
-1521.998079
 33.170009
-1518.273936
 44.97891
-1508.368826
 62.269721
-1500.164594
 73.489289
-1494.984143
 78.626495
-1488.314036
 87.700001
-1489.325669
 105.958208
-1495.740089
 115.676644
-1512.93785
 125.85098
-1533.748585
 130.45445
-1556.460301
 131.55528
-1587.520769
 135.302549
-1619.214896
 142.552458
-1637.957898
 160.654992
-1645.537763
 167.636004
-1645.537763
 -78.125368
-1510.458793
 -69.373953
-1466.158162
 -59.822309
-1331.110718
 -5.43687
-1165.514182
 141.829691
-616.742201
 690.832402
-287.494576
 1059.387987
-216.635801
 1141.049541
220.131389
 1507.969038
-1645.537763
 -336.41432
-1630.598546
 -337.309248
-1610.921729
 -337.909701
-1590.789121
 -335.2855
-1579.705626
 -336.275135
-1543.531409
 -337.909701
-1531.469632
 -338.14321
-1645.537763
 -344.339338
-1574.680812
 -344.970578
-1544.454108
 -344.770428
-1531.903189
 -342.568768
11.008326
 1507.969038
-2.536466
 1485.39799
-5.793702
 1479.982797
-21.690791
 1452.373096
-30.639852
 1457.98844
-110.357104
 1507.969038
-118.068629
 1507.969038
-130.824867
 1490.835421
-140.963431
 1496.061583
-146.92206
 1486.154115
-149.756856
 1481.895349
-192.044669
 1507.969038
456.444751
 1436.272071
483.05848
 1466.53933
519.476238
 1507.969038
743.070388
 1505.513152
744.811544
 1507.969038
1090.783094
 1299.335519
1054.242022
 1325.555282
1049.761933
 1344.291628
1047.049422
 1384.410757
1058.89998
 1451.794883
1076.91483
 1507.969038
991.543011
 1424.88571
978.225029
 1442.043088
953.667917
 1473.489013
960.70488
 1479.115476
981.99364
 1496.150539
991.376258
 1504.378963
995.644804
 1507.969038
