9
39
19
21
20
18
23
6
5
5
7
6
18
20
19
91
61
4
19
12
6
21
17
3
6
5
13
30
13
14
9
6
8
3
5
7
77
61
11
9
33
27
17
28
16
8
15
55
18
24
50
20
12
24
18
12
6
20
21
18
17
6
5
8
14
18
10
6
11
13
7
7
16
8
8
86
99
9
13
10
3
3
5
7
11
26
14
8
28
14
14
4
10
3
7
4
9
4
8
44
13
10
25
7
9
16
3
17
15
6
6
19
21
4
10
3
8
3
5
3
2
6
11
2
2
4
2
4
2
2
5
9
5
2
3
6
2
3
4
3
4
3
8
3
4
2
2
2
3
18
3
2
8
5
5
2
2
2
2
10
7
6
3
5
5
6
2
15
4
6
8
19
6
4
4
4
3
10
3
5
7
7
6
2
5
2
2
6
10
7
27
6
8
5
8
6
7
3
37
8
2
3
5
7
3
2
7
22
2
2
2
4
10
13
6
4
7
9
7
2
4
2
2
5
2
4
2
4
3
3
3
8
2
2
5
3
5
8
3
7
3
4
2
3
4
2
2
2
2
2
2
5
12
4
4
3
2
3
2
4
5
8
6
8
6
2
4
3
2
2
2
4
3
9
3
4
20
7
2
7
27
4
4
2
4
3
6
16
2
5
6
9
3
2
9
6
12
8
10
2
3
9
8
38
2
3
4
2
2
3
2
2
5
9
14
3
5
2
3
3
3
8
3
3
2
5
2
2
2
4
3
3
5
3
3
3
22
9
7
4
6
6
3
2
6
7
