1015 -1495 15 1015 -1485 15 1015 -1475 15 1025 -1495 15 1025 -1485 15 1035 -1485 15 
895 -1495 15 895 -1485 15 
875 -1495 15 875 -1485 15 885 -1505 15 885 -1495 15 885 -1485 15 
985 -1485 15 985 -1475 15 995 -1475 15 1005 -1475 15 
925 -1475 15 925 -1465 15 935 -1485 15 935 -1475 15 
965 -1475 15 965 -1465 15 975 -1485 15 975 -1475 15 975 -1465 15 
915 -1485 15 915 -1475 15 
-785 1285 75 -775 1285 75 -775 1295 75 -765 1295 75 -765 1305 75 -755 1295 75 -755 1305 75 -745 1295 75 -745 1305 75 -735 1285 75 -735 1295 75 -725 1285 75 -725 1295 75 -715 1275 75 -715 1285 75 -705 1275 75 -705 1285 75 -695 1265 75 -695 1275 75 -685 1265 75 -685 1275 75 
-865 1245 75 -855 1245 75 -855 1255 75 -845 1235 75 -845 1245 75 -835 1225 75 -835 1235 75 -825 1225 75 -825 1235 75 -815 1215 75 -815 1225 75 -805 1225 75 
-715 1215 75 -715 1225 75 -715 1235 75 -705 1215 75 -705 1225 75 -705 1235 75 -705 1245 75 
-795 1265 75 -795 1275 75 -785 1255 75 -785 1265 75 -775 1225 75 -775 1235 75 -775 1245 75 -775 1255 75 -775 1265 75 -765 1215 75 -765 1225 75 -765 1235 75 -765 1245 75 -765 1255 75 -755 1215 75 
-675 1195 75 -675 1205 75 -675 1215 75 -665 1195 75 -665 1205 75 -665 1215 75 -665 1225 75 -655 1225 75 
-665 1245 75 -665 1255 75 -655 1235 75 -655 1245 75 -645 1235 75 -645 1245 75 -635 1235 75 -635 1245 75 -625 1235 75 -625 1245 75 -615 1225 75 -615 1235 75 -605 1225 75 -605 1235 75 -595 1215 75 -595 1225 75 -585 1225 75 
-1345 605 75 -1345 615 75 -1335 605 75 -1335 615 75 -1325 605 75 -1325 615 75 -1315 595 75 -1315 605 75 -1305 585 75 -1305 595 75 -1295 585 75 -1295 595 75 -1285 585 75 -1285 595 75 -1275 585 75 -1275 595 75 -1275 605 75 -1275 615 75 -1265 595 75 -1265 605 75 -1265 615 75 
-1635 575 75 -1635 585 75 -1625 575 75 -1625 585 75 -1615 575 75 -1615 585 75 -1605 575 75 -1605 585 75 -1595 585 75 -1585 585 75 -1575 585 75 -1565 585 75 
-1605 655 75 -1595 655 75 -1585 655 75 -1575 655 75 -1565 645 75 -1565 655 75 -1555 635 75 -1555 645 75 -1545 595 75 -1545 605 75 -1545 615 75 -1545 625 75 -1545 635 75 
-1405 815 75 -1405 825 75 -1395 815 75 -1395 825 75 -1385 815 75 -1375 805 75 -1365 795 75 -1355 795 75 -1345 795 75 -1335 795 75 -1325 795 75 -1315 795 75 -1305 795 75 -1295 795 75 -1295 805 75 -1295 815 75 -1295 825 75 -1285 795 75 -1285 805 75 -1285 815 75 -1285 825 75 
-1575 435 75 -1575 445 75 -1575 455 75 -1575 465 75 -1575 475 75 -1575 485 75 -1575 495 75 -1575 505 75 -1565 495 75 -1565 505 75 
-1215 975 75 -1215 985 75 -1215 995 75 -1215 1005 75 -1215 1015 75 -1205 975 75 -1205 985 75 -1205 995 75 -1205 1005 75 -1205 1015 75 -1205 1025 75 -1195 1025 75 -1185 1025 75 -1175 1025 75 -1165 1015 75 -1165 1025 75 -1155 1005 75 -1155 1015 75 -1155 1025 75 -1145 1005 75 -1145 1015 75 -1135 1015 75 -1135 1025 75 -1135 1035 75 -1125 1005 75 -1125 1015 75 -1125 1025 75 -1115 1015 75 -1115 1025 75 
-1215 945 75 -1215 955 75 -1205 945 75 -1205 955 75 -1195 945 75 -1195 955 75 -1185 945 75 -1185 955 75 -1175 945 75 -1175 955 75 -1165 945 75 -1165 955 75 -1155 955 75 -1145 955 75 -1135 955 75 -1135 965 75 -1135 975 75 -1135 985 75 -1125 955 75 -1125 965 75 -1125 975 75 -1125 985 75 
-1325 945 75 -1325 955 75 -1325 965 75 -1325 975 75 -1325 985 75 -1325 995 75 -1315 985 75 -1315 995 75 -1305 995 75 -1295 995 75 -1285 985 75 -1285 995 75 -1275 985 75 -1275 995 75 -1265 985 75 -1265 995 75 -1255 985 75 -1255 995 75 -1245 975 75 -1245 985 75 -1245 995 75 -1245 1005 75 -1235 995 75 
-1345 705 75 -1335 705 75 -1325 695 75 -1325 705 75 -1315 675 75 -1315 685 75 -1315 695 75 -1305 675 75 -1305 685 75 -1295 675 75 -1295 685 75 -1285 675 75 -1285 685 75 -1285 695 75 -1285 705 75 -1275 685 75 -1275 695 75 -1275 705 75 
-1325 915 75 -1325 925 75 -1315 915 75 -1315 925 75 -1305 915 75 -1295 915 75 -1295 925 75 -1285 915 75 -1285 925 75 -1275 915 75 -1275 925 75 -1265 915 75 -1265 925 75 -1255 925 75 -1245 925 75 -1245 935 75 -1245 945 75 -1235 925 75 -1235 935 75 -1235 945 75 
-1215 855 75 -1215 865 75 -1215 875 75 -1205 845 75 -1205 855 75 -1205 865 75 -1205 875 75 -1195 845 75 -1185 845 75 -1175 845 75 -1165 845 75 -1155 845 75 -1145 845 75 -1135 845 75 -1125 845 75 -1125 855 75 -1115 855 75 -1105 855 75 -1105 865 75 -1095 855 75 -1095 865 75 
-1185 905 75 -1185 915 75 -1175 905 75 -1175 915 75 -1165 905 75 -1165 915 75 -1155 905 75 -1155 915 75 -1145 905 75 -1145 915 75 -1135 905 75 -1135 915 75 -1125 905 75 -1125 915 75 -1115 905 75 -1115 915 75 -1105 905 75 -1105 915 75 -1095 905 75 -1095 915 75 -1095 925 75 -1095 935 75 -1085 905 75 -1085 915 75 -1085 925 75 -1075 925 75 
-1405 845 75 -1405 855 75 -1395 845 75 -1395 855 75 -1395 865 75 -1385 855 75 -1385 865 75 -1375 855 75 -1375 865 75 -1365 855 75 -1365 865 75 -1355 855 75 -1355 865 75 -1345 855 75 -1345 865 75 -1335 855 75 -1335 865 75 -1325 855 75 -1325 865 75 -1315 855 75 -1315 865 75 -1305 855 75 -1305 865 75 -1295 855 75 -1295 865 75 -1285 855 75 -1285 865 75 
-1455 725 75 -1445 725 75 -1435 715 75 -1435 725 75 -1425 705 75 -1425 715 75 -1415 695 75 -1415 705 75 -1405 695 75 -1405 705 75 -1395 695 75 -1395 705 75 -1385 695 75 -1385 705 75 -1375 695 75 -1375 705 75 
-1345 745 75 -1345 755 75 -1335 755 75 -1325 755 75 -1315 755 75 -1305 755 75 -1295 755 75 -1285 755 75 -1275 755 75 
-1455 755 75 -1455 765 75 -1445 755 75 -1445 765 75 -1445 775 75 -1435 765 75 -1435 775 75 -1425 765 75 -1425 775 75 -1415 765 75 -1415 775 75 -1405 765 75 -1405 775 75 -1395 765 75 -1395 775 75 -1385 765 75 -1385 775 75 -1375 765 75 
-1235 605 75 -1235 615 75 -1235 665 75 -1235 675 75 -1225 605 75 -1225 615 75 -1225 665 75 -1215 605 75 -1215 615 75 -1215 665 75 -1205 615 75 -1205 625 75 -1205 665 75 -1195 625 75 -1195 635 75 -1195 645 75 -1195 655 75 -1195 665 75 
-1345 635 75 -1335 635 75 -1335 645 75 -1325 645 75 -1325 655 75 -1315 645 75 -1315 655 75 -1305 645 75 -1295 645 75 -1285 645 75 -1275 645 75 -1265 645 75 
-1425 275 75 -1425 285 75 -1425 295 75 -1425 305 75 -1425 315 75 -1425 325 75 -1415 225 75 -1415 235 75 -1415 245 75 -1415 255 75 -1415 265 75 -1415 275 75 -1415 285 75 -1415 295 75 -1415 305 75 -1415 315 75 -1415 335 75 -1415 345 75 -1415 355 75 -1405 365 75 -1405 375 75 
-1485 525 75 -1485 535 75 -1475 525 75 -1475 535 75 -1465 525 75 -1465 535 75 -1455 525 75 -1455 535 75 -1445 525 75 -1445 535 75 -1435 525 75 -1435 535 75 -1425 525 75 -1425 535 75 
-1445 485 75 -1435 465 75 -1435 475 75 -1435 485 75 -1425 465 75 -1425 475 75 -1425 485 75 -1415 465 75 -1415 475 75 -1405 465 75 -1405 475 75 -1395 475 75 
345 835 75 355 835 75 355 845 75 355 855 75 355 865 75 355 875 75 365 875 75 365 885 75 365 895 75 365 905 75 
365 915 75 365 925 75 365 935 75 375 935 75 375 945 75 375 955 75 375 965 75 375 975 75 385 975 75 
-955 1165 75 -945 1165 75 -935 1175 75 -925 1175 75 
-915 1185 75 -905 1195 75 -895 1205 75 -885 1215 75 
-885 1155 75 -875 1155 75 -875 1165 75 -865 1165 75 -855 1165 75 -845 1165 75 -845 1175 75 -835 1175 75 
-915 1085 75 -905 1085 75 -905 1095 75 -895 1095 75 -885 1105 75 
-1025 1245 75 -1015 1235 75 -1015 1245 75 -1005 1235 75 -1005 1245 75 -995 1225 75 -995 1235 75 -985 1225 75 -985 1235 75 -975 1215 75 -975 1225 75 -965 1215 75 -965 1225 75 -955 1215 75 -955 1225 75 -945 1215 75 -945 1225 75 -935 1215 75 -935 1225 75 -925 1225 75 -925 1235 75 -925 1245 75 -915 1225 75 -915 1235 75 -915 1245 75 -915 1255 75 -905 1255 75 -905 1265 75 
-1275 1375 75 -1265 1365 75 -1265 1375 75 -1255 1365 75 -1245 1355 75 -1245 1365 75 -1235 1355 75 -1225 1345 75 -1215 1345 75 
-1215 1385 75 -1215 1395 75 -1215 1405 75 -1205 1365 75 -1205 1375 75 -1205 1385 75 -1205 1395 75 -1205 1405 75 -1205 1415 75 -1205 1425 75 -1195 1365 75 -1195 1425 75 -1195 1435 75 -1185 1425 75 -1175 1425 75 -1165 1415 75 -1165 1425 75 -1155 1415 75 -1145 1405 75 -1145 1415 75 
-1185 1345 75 -1175 1335 75 -1165 1335 75 -1155 1325 75 -1145 1325 75 -1135 1315 75 -1135 1325 75 -1125 1315 75 
-1155 1495 75 -1155 1505 75 -1145 1495 75 -1145 1505 75 -1135 1495 75 -1125 1485 75 -1125 1495 75 -1115 1485 75 -1105 1475 75 -1105 1485 75 -1095 1475 75 -1085 1465 75 -1085 1475 75 -1075 1465 75 
-1025 1355 75 -1025 1365 75 -1015 1365 75 -1015 1375 75 -1015 1385 75 -1015 1435 75 -1015 1445 75 -1005 1385 75 -1005 1395 75 -1005 1405 75 -1005 1425 75 -1005 1435 75 -995 1405 75 -995 1415 75 -995 1425 75 -995 1435 75 -985 1425 75 
-1165 1455 75 -1155 1445 75 -1155 1455 75 -1155 1465 75 -1155 1475 75 -1145 1445 75 -1145 1455 75 -1145 1465 75 -1135 1435 75 -1135 1445 75 -1135 1455 75 -1135 1465 75 -1125 1435 75 -1125 1445 75 -1125 1455 75 -1115 1425 75 -1115 1435 75 -1115 1445 75 -1115 1455 75 -1105 1445 75 
-1095 1415 75 -1095 1425 75 -1085 1405 75 -1085 1415 75 -1085 1425 75 -1085 1435 75 -1075 1405 75 -1065 1395 75 -1065 1405 75 -1055 1395 75 -1045 1385 75 -1045 1395 75 
-1105 1315 75 -1095 1315 75 -1095 1325 75 -1095 1335 75 -1085 1335 75 -1085 1345 75 -1085 1355 75 -1075 1355 75 -1075 1365 75 
-1175 1395 75 -1165 1385 75 -1155 1385 75 -1145 1375 75 -1135 1375 75 -1135 1395 75 -1135 1405 75 -1125 1365 75 -1125 1405 75 -1115 1365 75 
-755 1185 75 -745 1185 75 -735 1185 75 -735 1195 75 -725 1185 75 -725 1195 75 -715 1185 75 -715 1195 75 -705 1185 75 -705 1195 75 -695 1185 75 -695 1195 75 
-1295 1485 75 -1295 1495 75 -1285 1475 75 -1285 1485 75 -1275 1475 75 -1275 1485 75 -1265 1465 75 -1265 1475 75 -1255 1465 75 -1255 1475 75 -1245 1455 75 -1245 1465 75 -1235 1455 75 -1235 1465 75 -1225 1445 75 -1225 1455 75 -1215 1455 75 
-825 1175 75 -815 1175 75 -805 1175 75 -805 1185 75 -795 1175 75 -795 1185 75 -785 1175 75 -785 1185 75 
-905 1175 75 -895 1175 75 -895 1185 75 -885 1185 75 -885 1195 75 -875 1195 75 -875 1205 75 
-905 1125 75 -895 1125 75 -885 1125 75 -885 1135 75 -875 1135 75 -865 1135 75 
-865 1115 75 -855 1115 75 -855 1125 75 -845 1125 75 -835 1125 75 
-935 1125 75 -925 1125 75 -925 1135 75 -915 1135 75 -915 1145 75 -905 1145 75 
-945 1145 75 -935 1155 75 -925 1155 75 
-845 1145 75 -835 1145 75 -835 1155 75 -825 1155 75 -815 1155 75 
-1065 1205 75 -1065 1215 75 -1055 1205 75 -1055 1215 75 -1045 1195 75 -1045 1205 75 -1035 1195 75 -1025 1185 75 -1025 1195 75 -1015 1175 75 -1015 1185 75 -1005 1175 75 -1005 1185 75 
-815 1125 75 -815 1135 75 -805 1125 75 -805 1135 75 -795 1135 75 -785 1135 75 
-1345 1455 75 -1345 1465 75 -1345 1475 75 -1345 1485 75 -1345 1495 75 -1335 1455 75 -1325 1445 75 -1325 1455 75 -1315 1445 75 -1305 1435 75 -1305 1445 75 -1295 1435 75 -1285 1425 75 -1285 1435 75 -1275 1415 75 -1275 1425 75 -1265 1405 75 -1265 1415 75 -1265 1425 75 -1255 1395 75 -1255 1405 75 
-1005 1145 75 -995 1145 75 -985 1145 75 -975 1145 75 -965 1155 75 
-1635 55 120 -1625 35 120 -1625 45 120 -1625 55 120 -1615 35 120 -1615 45 120 -1615 55 120 -1615 65 120 -1605 45 120 -1605 55 120 -1605 65 120 -1595 45 120 -1595 55 120 
-1625 715 120 -1625 725 120 -1615 715 120 -1615 725 120 -1605 715 120 -1605 725 120 
-835 1285 120 -835 1295 120 -825 1275 120 -825 1285 120 -825 1295 120 -815 1285 120 -815 1295 120 
165 1065 120 165 1085 120 175 1065 120 175 1075 120 175 1085 120 185 1085 120 195 1085 120 
335 935 120 335 955 120 345 935 120 345 945 120 345 955 120 355 935 120 355 955 120 365 955 120 
215 845 120 215 865 120 225 845 120 225 855 120 225 865 120 235 845 120 235 865 120 245 865 120 
285 915 120 285 935 120 295 915 120 295 935 120 305 935 120 315 935 120 
235 925 120 245 905 120 245 925 120 255 905 120 255 915 120 255 925 120 265 905 120 265 925 120 
265 835 120 265 855 120 275 835 120 275 845 120 275 855 120 285 835 120 285 855 120 
165 845 120 165 865 120 175 845 120 175 855 120 175 865 120 185 845 120 185 855 120 185 865 120 
185 1025 120 195 1005 120 195 1015 120 195 1025 120 205 1005 120 205 1015 120 205 1025 120 215 1025 120 
315 845 120 315 855 120 325 845 120 
-155 995 120 -155 1005 120 -145 995 120 -145 1005 120 
-135 935 120 -135 945 120 -125 935 120 -125 945 120 
-245 935 120 -245 945 120 -245 955 120 -235 935 120 -235 945 120 -235 955 120 
-295 905 120 -295 915 120 -285 905 120 -285 915 120 -275 905 120 -275 915 120 
-335 835 120 -335 845 120 -335 855 120 -325 835 120 -325 845 120 -325 855 120 
-385 815 120 -385 825 120 -375 815 120 -375 825 120 -365 815 120 -365 825 120 
-285 815 120 -285 825 120 -275 815 120 -275 825 120 -275 835 120 -265 815 120 -265 825 120 -265 835 120 
-95 855 120 -95 865 120 -95 875 120 -85 855 120 -85 865 120 -85 875 120 -75 855 120 -75 865 120 -75 875 120 
-115 815 120 -115 825 120 -105 815 120 -105 825 120 -95 815 120 -95 825 120 
425 1295 120 435 1285 120 435 1295 120 435 1305 120 445 1275 120 445 1285 120 445 1295 120 455 1275 120 455 1285 120 
455 1265 120 465 1245 120 465 1255 120 465 1265 120 475 1235 120 475 1245 120 475 1255 120 475 1265 120 485 1235 120 485 1245 120 
405 1145 120 405 1155 120 415 1145 120 415 1155 120 415 1165 120 415 1175 120 425 1155 120 425 1165 120 425 1175 120 
415 1075 120 415 1085 120 415 1095 120 415 1105 120 425 1075 120 425 1085 120 425 1095 120 425 1105 120 435 1075 120 
375 1285 120 375 1295 120 385 1285 120 385 1295 120 395 1285 120 395 1295 120 395 1305 120 405 1295 120 405 1305 120 
-895 1325 120 -885 1325 120 -885 1335 120 -885 1345 120 -875 1315 120 -875 1325 120 -875 1335 120 -865 1335 120 
435 1185 120 435 1195 120 445 1185 120 445 1195 120 455 1185 120 455 1195 120 455 1205 120 465 1195 120 465 1205 120 
425 1025 120 425 1035 120 425 1045 120 425 1055 120 435 1025 120 435 1035 120 435 1045 120 435 1055 120 
175 885 45 175 895 45 175 905 45 175 915 45 175 925 45 175 935 45 175 945 45 175 955 45 175 965 45 175 975 45 185 885 45 185 895 45 185 905 45 185 915 45 185 925 45 185 935 45 185 945 45 185 955 45 185 965 45 185 975 45 195 885 45 195 895 45 195 905 45 195 915 45 195 925 45 195 935 45 195 945 45 195 955 45 195 965 45 195 975 45 205 885 45 205 895 45 205 905 45 205 915 45 205 925 45 205 935 45 205 945 45 205 955 45 205 965 45 205 975 45 215 885 45 215 895 45 215 905 45 215 915 45 215 925 45 215 935 45 215 945 45 215 955 45 215 965 45 215 975 45 225 885 45 225 895 45 225 905 45 225 915 45 225 925 45 225 935 45 225 945 45 225 955 45 225 965 45 
325 1085 45 325 1095 45 325 1105 45 325 1115 45 335 1035 45 335 1045 45 335 1055 45 335 1065 45 335 1075 45 335 1085 45 335 1095 45 335 1105 45 335 1115 45 345 1035 45 345 1045 45 345 1055 45 345 1065 45 345 1075 45 345 1085 45 345 1095 45 345 1105 45 345 1115 45 355 1035 45 355 1045 45 355 1055 45 355 1065 45 355 1075 45 
305 1175 45 315 1125 45 315 1135 45 315 1145 45 315 1155 45 315 1165 45 315 1175 45 325 1125 45 325 1135 45 325 1145 45 325 1155 45 325 1165 45 325 1175 45 335 1125 45 335 1135 45 335 1145 45 335 1155 45 335 1165 45 335 1175 45 345 1125 45 345 1135 45 345 1145 45 
-795 1025 45 -785 1025 45 -775 1025 45 -765 1025 45 -765 1035 45 -755 1035 45 -745 1035 45 -735 1035 45 
-825 1035 45 -815 1045 45 -805 1045 45 -805 1055 45 -795 1045 45 -795 1055 45 -785 1055 45 -775 1055 45 -765 1055 45 -765 1065 45 -755 1055 45 -755 1065 45 -745 1065 45 
-755 1145 45 -755 1155 45 -755 1165 45 -745 1125 45 -745 1145 45 -745 1155 45 -745 1165 45 -735 1135 45 -735 1145 45 -735 1155 45 -735 1165 45 -725 1135 45 -715 1135 45 -705 1135 45 -695 1145 45 -695 1155 45 -695 1165 45 -685 1145 45 -685 1155 45 -685 1165 45 -685 1175 45 
-685 1065 45 -685 1075 45 -675 1075 45 
-1535 -5 45 -1535 5 45 -1535 15 45 -1525 -5 45 -1525 5 45 -1525 15 45 -1515 -5 45 -1505 -5 45 -1505 5 45 -1505 15 45 -1505 25 45 -1495 5 45 -1495 15 45 -1495 25 45 -1495 35 45 
-1575 -15 45 -1575 -5 45 -1575 5 45 -1565 -15 45 -1565 5 45 -1565 15 45 -1555 -15 45 -1555 15 45 -1545 -15 45 
-95 1025 90 -95 1035 90 -95 1045 90 -85 1055 90 -75 1065 90 -65 1075 90 -65 1085 90 -55 1085 90 
335 1065 90 335 1075 90 335 1085 90 335 1095 90 335 1105 90 345 1055 90 345 1065 90 
315 1165 90 315 1175 90 325 1135 90 325 1145 90 325 1155 90 325 1165 90 325 1175 90 335 1135 90 335 1145 90 335 1155 90 335 1165 90 335 1175 90 
185 1155 90 195 1155 90 195 1165 90 205 1165 90 215 1165 90 225 1165 90 235 1165 90 245 1165 90 245 1175 90 255 1165 90 255 1175 90 265 1175 90 
265 1185 90 275 1185 90 285 1185 90 285 1195 90 295 1185 90 295 1195 90 305 1195 90 315 1195 90 325 1195 90 
115 1155 90 115 1165 90 125 1165 90 135 1165 90 145 1165 90 155 1165 90 165 1165 90 165 1175 90 175 1165 90 175 1175 90 185 1175 90 
175 1205 90 185 1205 90 195 1205 90 205 1205 90 215 1205 90 225 1205 90 225 1215 90 235 1205 90 235 1215 90 245 1215 90 255 1215 90 265 1215 90 
105 1215 90 115 1215 90 125 1215 90 135 1215 90 135 1225 90 145 1215 90 145 1225 90 155 1215 90 155 1225 90 165 1225 90 175 1225 90 
175 1235 90 185 1235 90 195 1235 90 195 1245 90 205 1235 90 205 1245 90 215 1245 90 225 1245 90 235 1245 90 245 1245 90 
255 1235 90 265 1235 90 275 1235 90 275 1245 90 285 1235 90 285 1245 90 295 1245 90 305 1245 90 315 1245 90 
