-15 1045 45 -5 1025 45 -5 1035 45 -5 1045 45 5 1035 45 5 1045 45 5 1055 45 15 1035 45 15 1045 45 15 1055 45 25 1035 45 25 1045 45 25 1055 45 25 1065 45 
-25 1095 45 -25 1105 45 -15 1095 45 -5 1085 45 -5 1095 45 -5 1105 45 5 1085 45 5 1095 45 5 1105 45 5 1115 45 15 1095 45 15 1105 45 15 1115 45 25 1095 45 25 1105 45 25 1115 45 
135 1115 45 145 1095 45 145 1105 45 145 1115 45 145 1125 45 155 1095 45 155 1105 45 155 1115 45 155 1125 45 165 1105 45 165 1115 45 165 1125 45 175 1105 45 175 1115 45 175 1125 45 185 1105 45 185 1115 45 185 1125 45 195 1105 45 195 1115 45 195 1125 45 205 1105 45 
245 1015 45 245 1025 45 245 1035 45 255 1015 45 255 1025 45 255 1035 45 265 1015 45 265 1025 45 265 1035 45 265 1045 45 265 1085 45 265 1095 45 265 1105 45 265 1115 45 265 1125 45 265 1135 45 275 1025 45 275 1035 45 275 1045 45 275 1055 45 275 1065 45 275 1075 45 275 1085 45 275 1095 45 275 1115 45 275 1135 45 285 1015 45 285 1025 45 285 1035 45 285 1045 45 285 1055 45 285 1085 45 285 1095 45 285 1115 45 285 1135 45 285 1145 45 295 1015 45 295 1025 45 295 1035 45 295 1045 45 295 1095 45 295 1115 45 295 1125 45 295 1145 45 305 1025 45 305 1035 45 305 1045 45 305 1095 45 305 1115 45 305 1125 45 315 1025 45 315 1035 45 315 1045 45 315 1055 45 
435 1105 45 435 1115 45 445 1075 45 445 1085 45 445 1095 45 445 1105 45 445 1115 45 455 1075 45 455 1085 45 455 1095 45 455 1105 45 455 1115 45 465 1075 45 465 1085 45 465 1095 45 465 1105 45 465 1115 45 465 1125 45 475 1095 45 475 1105 45 475 1115 45 475 1125 45 475 1135 45 485 1125 45 485 1135 45 495 1135 45 
905 1035 45 905 1045 45 905 1055 45 905 1065 45 905 1075 45 905 1085 45 905 1095 45 905 1105 45 915 1045 45 915 1055 45 915 1065 45 915 1075 45 915 1085 45 915 1095 45 915 1105 45 925 1045 45 925 1055 45 925 1065 45 925 1075 45 925 1085 45 925 1095 45 925 1105 45 935 1045 45 935 1055 45 935 1065 45 935 1075 45 935 1085 45 935 1095 45 935 1105 45 945 1045 45 945 1055 45 945 1065 45 945 1075 45 945 1085 45 945 1095 45 945 1105 45 955 1035 45 955 1045 45 955 1055 45 955 1065 45 955 1075 45 955 1085 45 955 1095 45 955 1105 45 965 1045 45 965 1055 45 965 1065 45 965 1075 45 965 1085 45 965 1095 45 965 1105 45 975 1055 45 975 1065 45 975 1075 45 975 1085 45 975 1095 45 975 1105 45 985 1075 45 985 1085 45 985 1095 45 985 1105 45 985 1115 45 995 1085 45 995 1095 45 995 1105 45 995 1115 45 1005 1095 45 1005 1105 45 
725 975 45 725 985 45 735 975 45 735 985 45 735 995 45 735 1005 45 735 1015 45 735 1025 45 745 975 45 745 985 45 745 995 45 745 1005 45 745 1015 45 745 1025 45 755 975 45 755 985 45 755 995 45 755 1005 45 755 1015 45 755 1025 45 765 975 45 765 985 45 765 995 45 765 1005 45 765 1015 45 765 1025 45 775 975 45 775 985 45 775 995 45 775 1005 45 775 1015 45 775 1025 45 785 975 45 785 985 45 785 995 45 785 1005 45 785 1015 45 785 1025 45 795 975 45 795 985 45 795 995 45 795 1005 45 795 1015 45 805 975 45 805 985 45 805 995 45 805 1005 45 805 1015 45 815 975 45 815 985 45 815 995 45 815 1005 45 815 1015 45 825 975 45 825 985 45 825 995 45 825 1005 45 825 1015 45 835 975 45 835 985 45 835 995 45 835 1005 45 835 1015 45 845 1005 45 
835 915 45 835 925 45 835 935 45 835 945 45 835 955 45 845 915 45 845 925 45 845 935 45 845 945 45 845 955 45 845 965 45 845 975 45 845 985 45 845 995 45 855 915 45 855 925 45 855 935 45 855 945 45 855 955 45 855 965 45 855 975 45 855 985 45 855 995 45 855 1005 45 865 925 45 865 935 45 865 945 45 865 955 45 865 965 45 865 975 45 865 985 45 865 995 45 875 935 45 875 945 45 875 955 45 875 965 45 875 975 45 875 985 45 885 945 45 885 955 45 885 965 45 885 975 45 895 955 45 895 965 45 
1145 1165 45 1145 1175 45 1145 1185 45 1155 1165 45 1155 1175 45 1155 1185 45 1155 1195 45 1165 1165 45 1165 1175 45 1165 1185 45 1165 1195 45 1165 1205 45 1165 1215 45 1175 1175 45 1175 1185 45 1175 1195 45 1175 1205 45 1175 1215 45 1175 1225 45 1175 1235 45 1185 1195 45 1185 1205 45 1185 1215 45 1185 1225 45 1185 1235 45 1185 1245 45 1195 1215 45 1195 1225 45 1195 1235 45 1195 1245 45 1205 1225 45 1205 1235 45 
1205 1255 45 1205 1265 45 1205 1275 45 1215 1255 45 1215 1265 45 1215 1275 45 1215 1285 45 1215 1295 45 1225 1255 45 1225 1265 45 1225 1275 45 1225 1285 45 1225 1295 45 1225 1305 45 1225 1315 45 1235 1275 45 1235 1285 45 1235 1295 45 1235 1305 45 1235 1315 45 1235 1325 45 1245 1295 45 1245 1305 45 1245 1315 45 1255 1305 45 1255 1315 45 
1175 1145 45 1185 1135 45 1185 1145 45 1185 1155 45 1185 1165 45 1195 1135 45 1195 1145 45 1195 1155 45 1195 1165 45 1195 1175 45 1205 1145 45 1205 1155 45 1205 1165 45 1205 1175 45 1205 1185 45 1205 1195 45 1215 1165 45 1215 1175 45 1215 1185 45 1215 1195 45 1215 1205 45 1215 1215 45 1225 1185 45 1225 1195 45 1225 1205 45 1225 1215 45 1225 1225 45 1235 1195 45 1235 1205 45 1235 1215 45 1235 1225 45 1235 1235 45 1235 1245 45 1245 1215 45 1245 1225 45 1245 1235 45 1245 1245 45 1245 1255 45 1245 1265 45 1255 1235 45 1255 1245 45 1255 1255 45 1255 1265 45 1255 1275 45 1265 1245 45 1265 1255 45 1265 1265 45 1265 1275 45 1265 1285 45 1265 1295 45 1275 1265 45 1275 1275 45 1275 1285 45 1275 1295 45 1275 1305 45 1275 1315 45 1285 1285 45 1285 1295 45 1285 1305 45 1285 1315 45 1285 1325 45 1295 1295 45 1295 1305 45 1295 1315 45 1295 1325 45 1295 1335 45 1295 1345 45 1305 1315 45 1305 1325 45 1305 1335 45 1305 1345 45 1305 1355 45 1315 1325 45 1315 1335 45 1315 1345 45 1315 1355 45 1325 1345 45 1325 1355 45 
1275 1185 45 1285 1185 45 1285 1195 45 1285 1205 45 1295 1175 45 1295 1185 45 1295 1195 45 1295 1205 45 1295 1215 45 1295 1225 45 1305 1185 45 1305 1195 45 1305 1205 45 1305 1215 45 1305 1225 45 1305 1235 45 1315 1205 45 1315 1215 45 1315 1225 45 1315 1235 45 1315 1245 45 1315 1255 45 1325 1215 45 1325 1225 45 1325 1235 45 1325 1245 45 1325 1255 45 1325 1265 45 1335 1235 45 1335 1245 45 1335 1255 45 1335 1265 45 1335 1275 45 1335 1285 45 1345 1245 45 1345 1255 45 1345 1265 45 1345 1275 45 1345 1285 45 1345 1295 45 1345 1305 45 1355 1265 45 1355 1275 45 1355 1285 45 1355 1295 45 1355 1305 45 1355 1315 45 1365 1285 45 1365 1295 45 1365 1305 45 1365 1315 45 1365 1325 45 1375 1295 45 1375 1305 45 1375 1315 45 1385 1315 45 
905 1435 45 915 1415 45 915 1425 45 915 1435 45 915 1445 45 925 1395 45 925 1405 45 925 1415 45 925 1425 45 925 1435 45 925 1445 45 935 1395 45 935 1405 45 935 1415 45 935 1425 45 935 1435 45 945 1375 45 945 1385 45 945 1395 45 945 1405 45 945 1415 45 945 1425 45 955 1365 45 955 1375 45 955 1385 45 955 1395 45 955 1405 45 955 1415 45 965 1375 45 965 1385 45 965 1395 45 975 1385 45 
865 1385 45 865 1395 45 865 1405 45 875 1365 45 875 1375 45 875 1385 45 875 1395 45 875 1405 45 885 1355 45 885 1365 45 885 1375 45 885 1385 45 895 1335 45 895 1345 45 895 1355 45 895 1365 45 895 1375 45 905 1335 45 905 1345 45 905 1355 45 905 1365 45 915 1315 45 915 1325 45 915 1335 45 915 1345 45 925 1305 45 925 1315 45 925 1325 45 925 1335 45 935 1295 45 935 1305 45 935 1315 45 935 1325 45 945 1275 45 945 1285 45 945 1295 45 945 1305 45 945 1315 45 955 1275 45 955 1285 45 955 1295 45 965 1285 45 
995 1405 45 995 1415 45 1005 1395 45 1005 1405 45 1005 1415 45 1005 1425 45 1015 1395 45 1015 1405 45 1015 1415 45 1015 1425 45 1025 1405 45 1025 1415 45 
1075 1465 45 1085 1465 45 1085 1475 45 1085 1485 45 1095 1455 45 1095 1465 45 1095 1475 45 1095 1485 45 1095 1495 45 1105 1455 45 1105 1465 45 1105 1475 45 1105 1485 45 1115 1445 45 1115 1455 45 1115 1465 45 1115 1475 45 1115 1485 45 1125 1465 45 1125 1475 45 
1125 1445 45 1135 1435 45 1135 1445 45 1135 1455 45 1135 1465 45 1145 1425 45 1145 1435 45 1145 1445 45 1145 1455 45 1145 1465 45 1155 1435 45 1155 1445 45 1155 1455 45 
1245 1435 45 1245 1445 45 1255 1425 45 1255 1435 45 1255 1445 45 
1255 1455 45 1255 1465 45 1255 1475 45 1265 1445 45 1265 1455 45 1265 1465 45 1265 1475 45 1275 1465 45 
1285 1405 45 1285 1415 45 1295 1395 45 1295 1405 45 1295 1415 45 1295 1425 45 1295 1435 45 1305 1395 45 1305 1405 45 1305 1415 45 1305 1425 45 1305 1435 45 1315 1415 45 1315 1425 45 1315 1435 45 1325 1425 45 
1305 1445 45 1315 1445 45 1315 1455 45 1315 1465 45 1325 1435 45 1325 1445 45 1325 1455 45 1325 1465 45 1325 1475 45 1335 1445 45 1335 1455 45 1335 1465 45 1335 1475 45 1345 1455 45 1345 1465 45 
1325 1395 45 1335 1385 45 1335 1395 45 1335 1405 45 1345 1385 45 1345 1395 45 1345 1405 45 1345 1415 45 1345 1425 45 1355 1395 45 1355 1405 45 1355 1415 45 
1455 1315 45 1455 1325 45 1455 1335 45 1465 1315 45 1465 1325 45 1465 1335 45 1465 1345 45 1475 1305 45 1475 1315 45 1475 1325 45 1475 1335 45 1475 1345 45 1475 1355 45 1475 1365 45 1485 1295 45 1485 1305 45 1485 1315 45 1485 1325 45 1485 1335 45 1485 1345 45 1485 1355 45 1495 1295 45 1495 1305 45 1495 1315 45 1495 1325 45 1495 1335 45 1495 1345 45 1495 1355 45 1505 1295 45 1505 1305 45 1505 1315 45 1505 1325 45 1505 1335 45 1505 1345 45 1515 1315 45 1515 1325 45 1515 1335 45 1525 1335 45 
1515 1415 45 1515 1425 45 1525 1415 45 1525 1425 45 1525 1435 45 1525 1445 45 1535 1405 45 1535 1415 45 1535 1425 45 1535 1435 45 1535 1445 45 1535 1455 45 1535 1465 45 1545 1395 45 1545 1405 45 1545 1415 45 1545 1425 45 1545 1435 45 1545 1445 45 1545 1455 45 1555 1395 45 1555 1405 45 1555 1415 45 1555 1425 45 1555 1435 45 1555 1445 45 1565 1395 45 1565 1405 45 1565 1415 45 1565 1425 45 1565 1435 45 1565 1445 45 1575 1415 45 1575 1425 45 1575 1435 45 1585 1425 45 
695 1175 150 695 1185 150 705 1175 150 705 1185 150 705 1195 150 705 1205 150 705 1215 150 715 1165 150 715 1175 150 715 1185 150 715 1195 150 715 1205 150 715 1215 150 725 1165 150 725 1175 150 725 1185 150 725 1195 150 735 1165 150 735 1175 150 735 1185 150 735 1195 150 745 1195 150 
675 1065 150 675 1075 150 675 1085 150 675 1095 150 675 1105 150 685 1065 150 685 1075 150 685 1085 150 685 1095 150 685 1105 150 695 1065 150 695 1075 150 695 1085 150 695 1095 150 695 1105 150 705 1065 150 705 1075 150 705 1085 150 705 1095 150 715 1065 150 715 1075 150 715 1085 150 715 1095 150 725 1095 150 
985 925 150 995 925 150 995 935 150 995 955 150 995 965 150 1005 915 150 1005 925 150 1005 935 150 1005 945 150 1005 955 150 1005 965 150 1005 975 150 1015 905 150 1015 915 150 1015 925 150 1015 935 150 1015 945 150 1015 955 150 1015 965 150 1015 975 150 1015 985 150 1025 895 150 1025 905 150 1025 915 150 1025 925 150 1025 935 150 1025 945 150 1025 955 150 1025 965 150 1025 975 150 1025 985 150 1035 905 150 1035 915 150 1035 925 150 1035 935 150 1035 945 150 1035 955 150 1035 965 150 1035 975 150 1045 925 150 1045 935 150 1045 945 150 1045 955 150 1045 965 150 1045 975 150 1055 935 150 1055 945 150 1055 955 150 1055 965 150 1055 975 150 1065 955 150 1065 975 150 
1245 975 150 1245 985 150 1255 965 150 1255 975 150 1255 985 150 1255 995 150 1265 955 150 1265 965 150 1265 975 150 1265 985 150 1265 995 150 1265 1005 150 1265 1015 150 1275 955 150 1275 965 150 1275 975 150 1275 985 150 1275 995 150 1275 1005 150 1275 1015 150 1285 945 150 1285 955 150 1285 965 150 1285 975 150 1285 985 150 1285 995 150 1285 1005 150 1295 955 150 1295 965 150 1295 975 150 1295 985 150 1295 995 150 1295 1005 150 1305 975 150 1305 985 150 1305 995 150 1315 985 150 
1245 1105 150 1245 1115 150 1255 1085 150 1255 1095 150 1255 1105 150 1255 1115 150 1265 1085 150 1265 1095 150 1265 1105 150 1265 1115 150 1265 1125 150 1275 1075 150 1275 1085 150 1275 1095 150 1275 1105 150 1275 1115 150 1275 1125 150 1275 1135 150 1285 1075 150 1285 1085 150 1285 1095 150 1285 1105 150 1285 1115 150 1285 1125 150 1285 1135 150 1285 1145 150 1295 1075 150 1295 1085 150 1295 1095 150 1295 1105 150 1295 1115 150 1295 1125 150 1295 1135 150 1295 1145 150 1305 1085 150 1305 1095 150 1305 1105 150 1305 1115 150 1305 1125 150 1305 1135 150 1305 1145 150 1315 1105 150 1315 1115 150 1315 1125 150 1315 1135 150 1325 1125 150 
1315 1055 150 1315 1065 150 1325 1045 150 1325 1055 150 1325 1065 150 1325 1075 150 1335 1035 150 1335 1045 150 1335 1055 150 1335 1065 150 1335 1075 150 1335 1085 150 1335 1095 150 1345 1035 150 1345 1045 150 1345 1055 150 1345 1065 150 1345 1075 150 1345 1085 150 1345 1095 150 1345 1105 150 1355 1045 150 1355 1055 150 1355 1065 150 1355 1075 150 1355 1085 150 1355 1095 150 1355 1105 150 1365 1065 150 1365 1075 150 1365 1085 150 1365 1095 150 1375 1075 150 1375 1085 150 1375 1095 150 
1095 1265 150 1095 1275 150 1105 1255 150 1105 1265 150 1105 1275 150 1105 1285 150 1115 1255 150 1115 1265 150 1115 1275 150 1115 1285 150 1115 1295 150 1115 1305 150 1125 1245 150 1125 1255 150 1125 1265 150 1125 1275 150 1125 1285 150 1125 1295 150 1125 1305 150 1125 1315 150 1135 1235 150 1135 1245 150 1135 1255 150 1135 1265 150 1135 1275 150 1135 1285 150 1135 1295 150 1135 1305 150 1145 1245 150 1145 1255 150 1145 1265 150 1145 1275 150 1145 1285 150 1155 1255 150 1155 1265 150 1155 1275 150 1155 1285 150 1165 1275 150 1165 1285 150 1165 1295 150 1175 1285 150 
-125 1455 150 -115 1445 150 -115 1455 150 -115 1465 150 -115 1475 150 -115 1485 150 -105 1445 150 -105 1455 150 -105 1465 150 -105 1475 150 -105 1485 150 -105 1495 150 -95 1435 150 -95 1445 150 -95 1455 150 -95 1465 150 -95 1475 150 -95 1485 150 -85 1435 150 -85 1445 150 -85 1455 150 -85 1465 150 -85 1475 150 -75 1445 150 -75 1455 150 -75 1465 150 -75 1475 150 -65 1465 150 
45 1455 150 45 1465 150 55 1455 150 65 1445 150 65 1455 150 65 1465 150 65 1475 150 75 1445 150 75 1455 150 75 1465 150 75 1475 150 85 1445 150 85 1455 150 85 1465 150 85 1475 150 95 1445 150 95 1455 150 95 1465 150 95 1475 150 
1065 1045 250 1065 1055 250 1065 1065 250 1075 1035 250 1075 1045 250 1075 1055 250 1075 1065 250 1075 1075 250 1085 1035 250 1085 1045 250 1085 1055 250 1085 1065 250 1085 1075 250 1095 1035 250 1095 1045 250 1095 1055 250 1095 1065 250 1095 1075 250 1105 1035 250 1105 1045 250 1105 1055 250 1105 1065 250 1105 1075 250 
745 915 250 745 925 250 745 935 250 755 915 250 755 925 250 755 935 250 765 915 250 765 925 250 765 935 250 775 915 250 775 925 250 775 935 250 
795 925 250 795 935 250 805 925 250 805 935 250 815 925 250 815 935 250 815 945 250 
605 1225 85 605 1235 85 615 1225 85 615 1235 85 
635 1205 85 635 1215 85 645 1195 85 645 1205 85 655 1205 85 
595 1115 85 595 1125 85 605 1115 85 605 1125 85 615 1115 85 625 1115 85 635 1105 85 635 1115 85 645 1105 85 645 1115 85 
545 1085 85 555 1085 85 565 1085 85 575 1075 85 575 1085 85 585 1075 85 585 1085 85 595 1075 85 605 1075 85 615 1075 85 625 1065 85 625 1075 85 635 1075 85 
535 1045 85 535 1055 85 545 1045 85 545 1055 85 555 1045 85 565 1045 85 575 1035 85 575 1045 85 
535 1005 85 535 1015 85 545 1005 85 545 1015 85 555 1005 85 555 1015 85 565 1005 85 565 1015 85 575 1005 85 585 995 85 585 1005 85 595 995 85 595 1005 85 605 995 85 605 1005 85 615 995 85 615 1005 85 
665 985 85 675 985 85 675 995 85 675 1005 85 675 1015 85 685 935 85 685 945 85 685 955 85 685 965 85 685 975 85 685 985 85 685 1005 85 685 1015 85 695 955 85 695 965 85 695 975 85 695 985 85 
745 1055 190 745 1065 190 745 1075 190 745 1085 190 745 1095 190 755 1055 190 755 1065 190 755 1075 190 755 1085 190 755 1095 190 765 1055 190 765 1065 190 765 1075 190 765 1085 190 765 1095 190 775 1055 190 775 1065 190 775 1075 190 775 1085 190 775 1095 190 785 1065 190 785 1075 190 785 1085 190 
25 615 20 25 625 20 25 635 20 25 645 20 25 655 20 35 615 20 35 625 20 35 635 20 35 645 20 35 655 20 45 615 20 45 625 20 45 635 20 45 645 20 45 655 20 55 615 20 55 625 20 55 635 20 55 645 20 55 655 20 65 615 20 65 625 20 65 635 20 65 645 20 65 655 20 75 615 20 75 625 20 75 635 20 75 645 20 75 655 20 85 615 20 85 625 20 85 635 20 85 645 20 85 655 20 95 615 20 95 625 20 95 635 20 95 645 20 95 655 20 105 615 20 105 625 20 105 635 20 105 645 20 105 655 20 115 615 20 115 625 20 115 635 20 115 645 20 115 655 20 125 615 20 125 625 20 125 635 20 125 645 20 125 655 20 125 665 20 135 615 20 135 625 20 135 635 20 135 645 20 135 655 20 135 665 20 145 615 20 145 625 20 145 635 20 145 645 20 145 655 20 145 665 20 155 615 20 155 625 20 155 635 20 155 645 20 155 655 20 155 665 20 165 625 20 165 635 20 165 645 20 165 655 20 165 665 20 175 625 20 175 635 20 175 645 20 175 655 20 175 665 20 
-165 645 20 -155 605 20 -155 615 20 -155 625 20 -155 635 20 -155 645 20 -145 605 20 -145 615 20 -145 625 20 -145 635 20 -145 645 20 -135 605 20 -135 615 20 -135 625 20 -135 635 20 -135 645 20 -125 605 20 -125 615 20 -125 625 20 -125 635 20 -125 645 20 -115 605 20 -115 615 20 -115 625 20 -115 635 20 -115 645 20 -115 655 20 -105 605 20 -105 615 20 -105 625 20 -105 635 20 -105 645 20 -105 655 20 -95 605 20 -95 615 20 -95 625 20 -95 635 20 -95 645 20 -95 655 20 -85 605 20 -85 615 20 -85 625 20 -85 635 20 -85 645 20 -85 655 20 -75 615 20 -75 625 20 -75 635 20 -75 645 20 -75 655 20 -65 615 20 -65 625 20 -65 635 20 -65 645 20 -65 655 20 -55 615 20 -55 625 20 -55 635 20 -55 645 20 -55 655 20 -45 615 20 -45 625 20 -45 635 20 -45 645 20 -45 655 20 -35 615 20 -35 625 20 -35 635 20 -35 645 20 -35 655 20 -25 615 20 -25 625 20 -25 635 20 -25 645 20 -25 655 20 -15 615 20 -15 625 20 -15 635 20 -15 645 20 -15 655 20 
-265 585 20 -265 595 20 -265 605 20 -265 615 20 -265 625 20 -265 635 20 -265 645 20 -265 655 20 -255 585 20 -255 595 20 -255 605 20 -255 615 20 -255 625 20 -255 635 20 -255 645 20 -255 655 20 -245 585 20 -245 595 20 -245 605 20 -245 615 20 -245 625 20 -245 635 20 -245 645 20 -245 655 20 
-395 585 20 -395 595 20 -395 605 20 -395 615 20 -395 625 20 -385 585 20 -385 595 20 -385 605 20 -385 615 20 -385 625 20 -375 585 20 -375 595 20 -375 605 20 -375 615 20 -375 625 20 -365 585 20 -365 595 20 -365 605 20 -365 615 20 -365 625 20 -355 585 20 -355 595 20 -355 605 20 -355 615 20 -355 625 20 -345 585 20 -345 595 20 -345 605 20 -345 615 20 -345 625 20 -335 585 20 -335 595 20 -335 605 20 -335 615 20 -335 625 20 -335 635 20 -325 585 20 -325 595 20 -325 605 20 -325 615 20 -325 625 20 -325 635 20 -315 585 20 -315 595 20 -315 605 20 -315 615 20 -315 625 20 -315 635 20 -305 585 20 -305 595 20 -305 605 20 -305 615 20 -305 625 20 -305 635 20 -295 585 20 -295 595 20 -295 605 20 -295 615 20 -295 625 20 -295 635 20 -285 585 20 -285 595 20 -285 605 20 -285 615 20 -285 625 20 -285 635 20 
-395 645 20 -385 645 20 -375 645 20 -365 645 20 -365 655 20 -355 645 20 -355 655 20 -345 645 20 -345 655 20 -335 645 20 -335 655 20 -325 645 20 -325 655 20 -315 645 20 -315 655 20 -305 645 20 -305 655 20 -295 645 20 -295 655 20 -285 645 20 -285 655 20 
-495 615 20 -495 625 20 -495 635 20 -495 645 20 -485 615 20 -485 625 20 -485 635 20 -485 645 20 -475 615 20 -475 625 20 -475 635 20 -475 645 20 -465 615 20 -465 625 20 -465 635 20 -465 645 20 
-275 745 20 -275 755 20 -265 745 20 -265 755 20 -255 745 20 -255 755 20 -245 745 20 -245 755 20 -235 745 20 -235 755 20 -225 745 20 -225 755 20 -215 745 20 -215 755 20 -205 745 20 -205 755 20 -195 745 20 -195 755 20 -185 745 20 -185 755 20 -175 745 20 -175 755 20 -165 745 20 -165 755 20 -155 745 20 -155 755 20 -145 745 20 -145 755 20 -135 755 20 -125 755 20 -115 755 20 -105 755 20 -95 755 20 -85 755 20 -75 755 20 -65 755 20 -55 755 20 -45 755 20 -35 755 20 -25 755 20 -15 755 20 -5 755 20 -5 765 20 5 755 20 5 765 20 15 755 20 15 765 20 25 755 20 25 765 20 35 755 20 35 765 20 45 755 20 45 765 20 55 755 20 55 765 20 65 755 20 65 765 20 75 755 20 75 765 20 85 755 20 85 765 20 95 755 20 95 765 20 105 755 20 105 765 20 
115 725 20 115 735 20 115 745 20 115 755 20 115 765 20 115 775 20 125 725 20 125 735 20 125 745 20 125 755 20 125 765 20 125 775 20 135 725 20 135 735 20 135 745 20 135 755 20 135 765 20 135 775 20 145 725 20 145 735 20 145 745 20 145 755 20 145 765 20 145 775 20 155 725 20 155 735 20 155 745 20 155 755 20 155 765 20 165 735 20 165 745 20 165 755 20 165 765 20 
65 775 20 75 775 20 85 775 20 95 775 20 105 775 20 
45 725 20 55 725 20 65 725 20 75 725 20 85 725 20 95 725 20 105 725 20 
-245 725 20 -235 725 20 -225 725 20 -215 725 20 -205 725 20 -195 725 20 -185 725 20 -175 725 20 -165 725 20 -155 725 20 -145 725 20 -135 725 20 -125 725 20 -115 725 20 -55 735 20 -45 735 20 -35 735 20 -25 735 20 -15 735 20 -5 735 20 5 735 20 15 735 20 25 735 20 35 735 20 45 735 20 55 735 20 65 735 20 75 735 20 85 735 20 95 735 20 105 735 20 
295 745 20 305 745 20 315 745 20 325 745 20 335 745 20 345 745 20 355 745 20 365 745 20 
315 765 20 315 775 20 325 765 20 325 775 20 325 785 20 335 765 20 335 775 20 335 785 20 335 795 20 345 765 20 345 775 20 345 785 20 345 795 20 355 765 20 355 775 20 355 785 20 355 795 20 365 765 20 365 775 20 365 785 20 365 795 20 375 765 20 375 775 20 375 785 20 375 795 20 385 765 20 385 775 20 385 785 20 385 795 20 395 765 20 395 775 20 
385 745 20 395 745 20 405 745 20 415 745 20 425 745 20 435 745 20 445 745 20 455 745 20 465 745 20 475 745 20 475 755 20 
655 745 20 655 755 20 655 765 20 655 775 20 655 785 20 665 745 20 665 755 20 665 765 20 665 775 20 665 785 20 675 745 20 675 755 20 675 765 20 675 775 20 675 785 20 685 745 20 685 755 20 685 765 20 685 775 20 685 785 20 695 745 20 695 755 20 695 765 20 695 775 20 695 785 20 705 755 20 705 765 20 705 775 20 705 785 20 715 755 20 715 765 20 715 775 20 715 785 20 725 755 20 725 765 20 725 775 20 725 785 20 725 795 20 735 765 20 735 775 20 735 785 20 735 795 20 745 785 20 745 795 20 755 795 20 
595 755 20 595 765 20 605 755 20 605 765 20 605 775 20 605 785 20 605 795 20 615 755 20 615 765 20 615 775 20 615 785 20 615 795 20 
505 785 20 505 795 20 515 785 20 515 795 20 525 785 20 525 795 20 535 785 20 535 795 20 545 785 20 545 795 20 555 785 20 555 795 20 565 785 20 565 795 20 575 785 20 575 795 20 
515 765 20 525 745 20 525 755 20 525 765 20 535 745 20 535 755 20 535 765 20 545 745 20 545 755 20 545 765 20 555 745 20 555 755 20 555 765 20 565 745 20 565 755 20 565 765 20 
485 855 20 495 835 20 495 845 20 495 855 20 505 825 20 505 835 20 505 845 20 505 855 20 515 825 20 515 835 20 515 845 20 515 855 20 525 825 20 525 835 20 525 845 20 525 855 20 535 825 20 535 835 20 535 845 20 545 825 20 545 835 20 545 845 20 545 855 20 555 825 20 555 835 20 555 845 20 555 855 20 
765 845 20 765 855 20 765 865 20 765 875 20 775 835 20 775 845 20 775 855 20 775 865 20 775 875 20 785 835 20 785 845 20 785 855 20 785 865 20 785 875 20 795 835 20 795 845 20 795 855 20 805 845 20 
795 865 20 795 875 20 805 855 20 805 865 20 805 875 20 815 855 20 815 865 20 815 875 20 825 865 20 825 875 20 
825 805 20 825 815 20 825 825 20 835 805 20 835 815 20 835 825 20 835 835 20 845 815 20 845 825 20 845 835 20 845 845 20 855 825 20 855 835 20 855 845 20 855 855 20 865 835 20 865 845 20 865 855 20 865 865 20 875 845 20 875 855 20 
865 785 20 865 795 20 875 775 20 875 785 20 875 795 20 875 805 20 875 815 20 885 765 20 885 775 20 885 785 20 885 795 20 885 805 20 885 815 20 885 825 20 895 765 20 895 775 20 895 785 20 895 795 20 895 805 20 895 815 20 895 825 20 905 775 20 905 785 20 905 795 20 905 805 20 905 815 20 905 825 20 915 785 20 915 795 20 915 805 20 915 815 20 925 795 20 925 805 20 
775 755 20 785 755 20 785 765 20 795 755 20 795 765 20 795 775 20 805 755 20 805 765 20 805 775 20 815 755 20 815 765 20 815 775 20 815 785 20 825 755 20 825 765 20 825 775 20 835 745 20 835 755 20 835 775 20 845 745 20 845 755 20 845 765 20 855 755 20 855 765 20 855 775 20 865 745 20 865 755 20 865 765 20 865 775 20 875 735 20 875 745 20 875 755 20 875 765 20 885 735 20 885 745 20 885 755 20 895 745 20 
1155 775 20 1155 785 20 1155 795 20 1165 775 20 1165 785 20 1175 775 20 1175 785 20 1185 765 20 1185 775 20 1195 765 20 1195 775 20 1205 765 20 
1095 735 20 1105 725 20 1105 735 20 1105 745 20 1115 725 20 1115 735 20 1115 745 20 1125 725 20 1125 735 20 1135 735 20 
1155 835 20 1155 845 20 1155 875 20 1155 885 20 1165 835 20 1165 875 20 1165 885 20 1175 825 20 1175 835 20 1175 865 20 1175 875 20 1175 885 20 1185 825 20 1185 835 20 1185 855 20 1185 865 20 1185 875 20 1185 885 20 1195 815 20 1195 825 20 1195 845 20 1195 855 20 1195 865 20 1195 875 20 1205 815 20 1205 845 20 1205 855 20 1205 865 20 1205 875 20 1215 815 20 1215 855 20 1215 865 20 1225 805 20 1225 815 20 1225 845 20 1225 855 20 1225 865 20 1235 805 20 1235 845 20 1235 855 20 1245 795 20 1245 805 20 1255 795 20 1265 785 20 1265 795 20 1275 785 20 1285 785 20 1285 795 20 
1255 845 20 1255 855 20 1265 845 20 1265 855 20 1275 835 20 1275 845 20 1285 835 20 1285 845 20 1295 835 20 
1015 815 20 1025 805 20 1025 815 20 
1025 755 20 1035 755 20 
495 645 20 495 655 20 495 665 20 495 675 20 505 645 20 505 655 20 505 665 20 505 675 20 515 645 20 515 655 20 515 665 20 515 675 20 525 645 20 525 655 20 525 665 20 525 675 20 535 645 20 535 655 20 535 665 20 535 675 20 545 575 20 545 585 20 545 645 20 545 655 20 545 665 20 545 675 20 555 565 20 555 575 20 555 585 20 555 595 20 555 645 20 555 655 20 555 665 20 555 675 20 565 575 20 565 585 20 565 595 20 565 605 20 565 615 20 565 625 20 565 635 20 565 645 20 565 655 20 565 665 20 565 675 20 575 585 20 575 595 20 575 605 20 575 615 20 575 625 20 575 635 20 575 645 20 575 655 20 575 665 20 575 675 20 585 595 20 585 605 20 585 615 20 585 625 20 585 635 20 585 645 20 585 655 20 585 665 20 585 675 20 
795 1375 20 795 1385 20 795 1395 20 795 1405 20 795 1415 20 805 1375 20 805 1385 20 805 1395 20 805 1405 20 805 1415 20 805 1425 20 805 1435 20 805 1445 20 805 1455 20 805 1465 20 815 1385 20 815 1395 20 815 1405 20 815 1415 20 815 1425 20 815 1435 20 815 1445 20 815 1455 20 815 1465 20 825 1445 20 825 1455 20 825 1465 20 
825 1405 20 835 1405 20 835 1415 20 835 1425 20 835 1435 20 835 1445 20 835 1455 20 845 1405 20 845 1415 20 845 1425 20 845 1435 20 845 1445 20 
785 1365 20 795 1365 20 805 1365 20 
785 1355 20 795 1355 20 805 1355 20 
785 1345 20 795 1345 20 
805 1335 20 
805 1345 20 
805 1305 20 
785 1325 20 
815 1305 20 825 1305 20 
775 1315 20 785 1315 20 
805 1295 20 815 1295 20 825 1295 20 
795 1315 20 
785 1335 20 795 1335 20 
795 1325 20 
815 1315 20 
765 1235 20 
775 1285 20 785 1285 20 795 1285 20 
805 1265 20 815 1265 20 
805 1275 20 815 1275 20 
785 1305 20 795 1305 20 
805 1285 20 815 1285 20 825 1285 20 
775 1295 20 785 1295 20 795 1295 20 
775 1305 20 
795 1275 20 
775 1245 20 785 1245 20 
795 1225 20 795 1235 20 805 1225 20 815 1225 20 
765 1255 20 775 1255 20 
775 1235 20 785 1235 20 
765 1245 20 
805 1245 20 815 1245 20 
815 1255 20 
775 1275 20 785 1275 20 
805 1255 20 
795 1245 20 
785 1255 20 
805 1235 20 815 1235 20 
775 1265 20 785 1265 20 
815 1325 20 815 1335 20 815 1345 20 815 1355 20 825 1315 20 825 1325 20 825 1335 20 825 1345 20 825 1355 20 825 1365 20 835 1335 20 835 1345 20 835 1355 20 835 1365 20 
825 1375 20 825 1385 20 825 1395 20 835 1375 20 835 1385 20 835 1395 20 845 1385 20 845 1395 20 
705 1235 20 715 1235 20 
725 1235 20 735 1235 20 
735 1305 20 745 1305 20 755 1295 20 755 1305 20 
725 1255 20 735 1255 20 745 1255 20 
725 1265 20 
745 1245 20 
745 1235 20 
725 1245 20 735 1245 20 
735 1265 20 745 1265 20 755 1265 20 
745 1285 20 755 1285 20 
735 1295 20 745 1295 20 
735 1285 20 
725 1275 20 
735 1275 20 745 1275 20 755 1275 20 
715 1305 20 
705 1295 20 
715 1295 20 725 1295 20 
735 1355 20 745 1355 20 
735 1345 20 
725 1355 20 
735 1385 20 735 1395 20 
735 1325 20 
715 1315 20 
705 1285 20 715 1285 20 
725 1345 20 
725 1335 20 735 1335 20 
735 1365 20 745 1365 20 
725 1305 20 
715 1325 20 725 1325 20 
725 1315 20 
745 1385 20 755 1385 20 765 1375 20 765 1385 20 775 1375 20 775 1385 20 
765 1405 20 775 1405 20 
765 1465 20 
785 1445 20 
735 1485 20 745 1485 20 755 1485 20 
745 1495 20 
755 1475 20 
735 1465 20 745 1465 20 755 1465 20 
735 1475 20 745 1475 20 
735 1455 20 745 1455 20 
755 1455 20 
765 1455 20 775 1455 20 785 1455 20 
735 1415 20 745 1415 20 
735 1435 20 
735 1425 20 745 1425 20 
745 1435 20 755 1435 20 
765 1425 20 775 1425 20 785 1425 20 
775 1415 20 
765 1445 20 775 1445 20 
765 1435 20 
775 1485 20 785 1485 20 
775 1435 20 785 1435 20 
765 1415 20 
755 1445 20 
735 1445 20 745 1445 20 
775 1475 20 785 1475 20 
775 1465 20 785 1465 20 
755 1355 20 
745 1325 20 755 1325 20 765 1325 20 
745 1335 20 
745 1315 20 755 1315 20 
755 1335 20 765 1335 20 
755 1365 20 765 1365 20 
765 1355 20 
755 1345 20 
765 1345 20 
705 1275 20 715 1275 20 
705 1245 20 715 1245 20 
705 1265 20 715 1265 20 
705 1255 20 715 1255 20 
875 1135 20 875 1145 20 875 1155 20 885 1135 20 885 1145 20 
835 1145 20 845 1145 20 
915 1145 20 925 1145 20 
1005 1165 20 1015 1165 20 1025 1165 20 
585 1405 20 
675 1325 20 
665 1475 20 
675 1485 20 
675 1335 20 
665 1305 20 
675 1295 20 
665 1295 20 
675 1305 20 
675 1315 20 
685 1325 20 
635 1385 20 635 1395 20 635 1405 20 645 1385 20 645 1395 20 645 1405 20 
535 1455 20 545 1445 20 555 1435 20 
605 1455 20 605 1465 20 
545 1455 20 555 1445 20 565 1435 20 
595 1465 20 
535 1445 20 545 1435 20 
525 1445 20 535 1435 20 545 1425 20 
525 1435 20 535 1425 20 
565 1475 20 
565 1485 20 575 1475 20 
575 1485 20 
575 1495 20 585 1475 20 585 1485 20 
555 1465 20 
615 1465 20 
605 1475 20 
555 1475 20 565 1465 20 
545 1465 20 555 1455 20 
585 1465 20 595 1455 20 
525 1495 20 535 1485 20 
635 1485 20 
645 1485 20 
645 1475 20 
665 1395 20 675 1395 20 
615 1345 20 
625 1335 20 
675 1495 20 
585 1375 20 
565 1375 20 575 1375 20 
575 1385 20 
585 1385 20 
685 1305 20 
685 1315 20 
665 1485 20 
665 1495 20 
685 1385 20 
665 1375 20 675 1375 20 
675 1375 20 
675 1385 20 
675 1415 20 685 1415 20 
695 1485 20 705 1485 20 
665 1415 20 
685 1395 20 
665 1405 20 675 1405 20 685 1405 20 
665 1345 20 
685 1445 20 695 1445 20 
665 1355 20 
705 1445 20 
655 1335 20 
655 1345 20 
675 1435 20 
675 1365 20 
605 1345 20 
685 1465 20 695 1465 20 
675 1355 20 
665 1365 20 
685 1455 20 695 1455 20 
555 1365 20 575 1355 20 
555 1355 20 565 1355 20 
575 1365 20 
565 1365 20 
665 1455 20 675 1455 20 
555 1345 20 
565 1345 20 
665 1465 20 675 1465 20 
695 1495 20 705 1495 20 
665 1425 20 
675 1425 20 
665 1435 20 
685 1505 20 695 1505 20 705 1505 20 
675 1445 20 
665 1445 20 
575 1325 20 585 1315 20 585 1325 20 
685 1355 20 
695 1355 20 
705 1375 20 
685 1345 20 
685 1335 20 
695 1335 20 
695 1345 20 
695 1365 20 
705 1365 20 
695 1405 20 705 1405 20 
625 1325 20 
585 1335 20 585 1345 20 595 1335 20 595 1345 20 605 1335 20 
615 1375 20 
605 1375 20 
605 1385 20 615 1385 20 
615 1365 20 
635 1305 20 
595 1355 20 605 1355 20 
605 1365 20 
595 1365 20 
645 1295 20 
695 1415 20 705 1415 20 
665 1335 20 
655 1355 20 
655 1315 20 
645 1325 20 655 1325 20 
695 1435 20 
645 1305 20 
695 1425 20 705 1425 20 
645 1315 20 
705 1435 20 
635 1315 20 
625 1365 20 
635 1365 20 645 1365 20 
625 1355 20 
705 1385 20 
635 1355 20 
645 1375 20 
695 1375 20 
635 1375 20 
605 1315 20 605 1325 20 615 1305 20 615 1315 20 615 1325 20 
625 1345 20 635 1345 20 
695 1395 20 705 1395 20 
615 1335 20 
625 1485 20 
575 1455 20 585 1435 20 
595 1505 20 605 1495 20 
615 1475 20 
595 1495 20 605 1485 20 
595 1485 20 
585 1495 20 
625 1465 20 625 1475 20 
635 1475 20 
585 1455 20 595 1445 20 
585 1445 20 
645 1495 20 
645 1255 20 
635 1265 20 
635 1275 20 635 1285 20 
645 1265 20 645 1275 20 645 1285 20 
595 1285 20 595 1295 20 
625 1275 20 625 1285 20 
625 1265 20 
605 1275 20 605 1285 20 
595 1275 20 
585 1295 20 
515 1435 20 525 1425 20 535 1415 20 
465 1465 20 475 1465 20 
465 1475 20 
435 1455 20 445 1455 20 
485 1495 20 495 1485 20 
435 1465 20 445 1465 20 
465 1485 20 
515 1495 20 525 1485 20 
475 1495 20 485 1485 20 
515 1485 20 525 1475 20 
515 1475 20 
475 1485 20 485 1475 20 
425 1495 20 435 1495 20 445 1495 20 
465 1435 20 475 1425 20 
415 1385 20 425 1365 20 
465 1425 20 
425 1475 20 435 1475 20 445 1475 20 
425 1485 20 435 1485 20 445 1485 20 
465 1455 20 
485 1435 20 485 1445 20 
475 1445 20 
475 1435 20 
385 1395 20 405 1405 20 
395 1405 20 
395 1385 20 
415 1365 20 
395 1375 20 405 1355 20 
405 1365 20 405 1375 20 
415 1375 20 
395 1425 20 405 1425 20 
395 1395 20 405 1395 20 
385 1415 20 395 1415 20 
385 1405 20 405 1415 20 
285 1465 20 
355 1395 20 
355 1385 20 365 1395 20 
335 1385 20 
325 1375 20 345 1385 20 
325 1385 20 
375 1475 20 385 1475 20 395 1475 20 
335 1395 20 
305 1415 20 325 1425 20 
375 1465 20 385 1465 20 395 1465 20 
315 1425 20 
365 1495 20 375 1495 20 385 1495 20 
375 1445 20 385 1445 20 395 1445 20 
305 1425 20 
365 1385 20 
295 1435 20 
375 1435 20 385 1435 20 395 1435 20 
345 1425 20 
305 1445 20 
335 1425 20 355 1435 20 
325 1405 20 
305 1475 20 315 1475 20 315 1485 20 325 1485 20 
315 1395 20 335 1405 20 
315 1405 20 
325 1475 20 
315 1415 20 
375 1485 20 385 1485 20 
325 1415 20 
335 1355 20 355 1365 20 
295 1445 20 
355 1425 20 
365 1375 20 375 1375 20 375 1385 20 
315 1455 20 315 1465 20 325 1445 20 325 1455 20 325 1465 20 335 1455 20 335 1465 20 335 1475 20 345 1455 20 
375 1425 20 385 1425 20 
345 1335 20 345 1345 20 
335 1435 20 345 1435 20 
355 1345 20 355 1355 20 365 1335 20 
365 1345 20 
355 1335 20 
305 1455 20 
345 1415 20 355 1415 20 
315 1435 20 
335 1445 20 
375 1455 20 385 1455 20 395 1455 20 
325 1435 20 345 1445 20 
305 1435 20 
365 1355 20 
285 1455 20 
355 1405 20 
295 1455 20 
345 1405 20 
375 1345 20 375 1355 20 
385 1355 20 385 1365 20 
375 1365 20 385 1345 20 
325 1395 20 
295 1465 20 
365 1405 20 
345 1365 20 
335 1375 20 
335 1365 20 
345 1375 20 
485 1325 20 495 1335 20 
455 1365 20 465 1355 20 465 1365 20 465 1375 20 475 1355 20 475 1365 20 475 1375 20 485 1365 20 
495 1325 20 505 1335 20 
475 1335 20 495 1345 20 
505 1315 20 
505 1325 20 
495 1315 20 
475 1345 20 485 1355 20 
485 1345 20 
485 1335 20 
505 1295 20 525 1305 20 
515 1295 20 
525 1275 20 535 1285 20 
525 1285 20 
515 1315 20 
515 1305 20 
505 1305 20 
515 1285 20 525 1295 20 
155 1445 20 155 1455 20 165 1455 20 
165 1465 20 175 1475 20 
-5 1185 20 -5 1195 20 -5 1205 20 
-105 1215 20 -95 1195 20 -95 1205 20 -95 1215 20 
-135 1175 20 
-175 1105 20 -165 1095 20 
-125 1185 20 
-165 1055 20 
-175 1065 20 
-165 1065 20 -155 1055 20 
-185 1105 20 -175 1095 20 
-185 1135 20 -175 1125 20 
-135 1185 20 -125 1175 20 
55 1155 20 
65 1135 20 65 1145 20 
-165 1125 20 
-145 1075 20 -135 1065 20 
-75 1135 20 -65 1135 20 -55 1135 20 
-185 1125 20 
55 1135 20 55 1145 20 
-155 1085 20 
85 1145 20 
-165 1075 20 -155 1065 20 -145 1055 20 
85 1155 20 
-155 1075 20 -145 1065 20 
-125 1195 20 -115 1185 20 
65 1155 20 
75 1135 20 75 1145 20 75 1155 20 
-165 1115 20 -155 1105 20 
-75 1195 20 -65 1195 20 
-195 1015 20 -195 1025 20 -195 1035 20 
-155 1155 20 
-55 1195 20 
-175 1135 20 
-195 1045 20 -185 1035 20 
-75 1155 20 -65 1155 20 -55 1155 20 
-75 1185 20 
-165 1145 20 
-65 1185 20 -55 1185 20 
-75 1175 20 -65 1175 20 -55 1175 20 
-105 1175 20 -95 1165 20 
-175 1145 20 -165 1135 20 
-165 1155 20 -155 1145 20 
-35 1165 20 -25 1165 20 
65 1195 20 75 1195 20 
-195 1095 20 -185 1085 20 
-185 1055 20 -175 1045 20 
-185 1095 20 -175 1085 20 
-65 1215 20 -65 1225 20 
-175 1055 20 -165 1045 20 
-145 1175 20 -135 1165 20 
-75 1165 20 -65 1165 20 -55 1165 20 
-75 1125 20 -65 1125 20 -55 1125 20 
-195 1085 20 
-155 1165 20 -145 1155 20 
-55 1205 20 
-95 1125 20 -85 1115 20 -75 1105 20 
65 1185 20 75 1185 20 
-185 1075 20 
-145 1165 20 
-185 1045 20 -175 1035 20 
-105 1125 20 -95 1115 20 
-35 1135 20 -25 1135 20 
55 1165 20 55 1175 20 
-75 1215 20 -75 1225 20 
65 1215 20 65 1225 20 65 1235 20 
55 1215 20 55 1225 20 55 1235 20 
-115 1155 20 
45 1235 20 
45 1175 20 45 1185 20 
45 1165 20 
65 1245 20 
-15 1125 20 -15 1135 20 -15 1145 20 
-5 1125 20 -5 1135 20 -5 1145 20 
35 1165 20 35 1175 20 35 1185 20 
-95 1135 20 -85 1125 20 -85 1135 20 -75 1115 20 -65 1115 20 
-105 1195 20 
65 1205 20 75 1205 20 
-55 1215 20 
-105 1205 20 
-125 1085 20 
15 1135 20 15 1145 20 25 1135 20 25 1145 20 
-135 1095 20 
-155 1135 20 -145 1125 20 
-145 1085 20 -135 1075 20 
45 1135 20 
45 1145 20 
-155 1115 20 
-115 1195 20 
-145 1095 20 -135 1085 20 -125 1075 20 
35 1135 20 35 1145 20 
-155 1125 20 -145 1115 20 
-115 1205 20 
-145 1135 20 -135 1125 20 
-105 1115 20 -95 1105 20 
5 1195 20 5 1205 20 5 1215 20 5 1225 20 
5 1235 20 15 1195 20 15 1205 20 
35 1215 20 35 1225 20 35 1235 20 
45 1195 20 45 1205 20 45 1215 20 45 1225 20 
25 1235 20 35 1195 20 35 1205 20 
15 1215 20 15 1225 20 15 1235 20 
25 1195 20 25 1205 20 25 1215 20 25 1225 20 
-5 1215 20 -5 1225 20 
-135 1145 20 -125 1135 20 
-15 1155 20 -15 1165 20 -15 1175 20 
-125 1105 20 -115 1095 20 -105 1085 20 
-125 1095 20 -115 1085 20 
-135 1135 20 
-125 1155 20 -115 1145 20 
-15 1205 20 -15 1215 20 -15 1225 20 
25 1165 20 25 1175 20 
-115 1105 20 
-5 1155 20 -5 1165 20 
-215 1115 20 -205 1105 20 
-215 1105 20 
75 1175 20 85 1175 20 
-85 1105 20 
-205 1115 20 
-105 1165 20 -95 1155 20 
-195 1125 20 -185 1115 20 
65 1175 20 
-35 1155 20 -25 1155 20 
-25 1145 20 
-95 1175 20 
-35 1175 20 -25 1175 20 
-35 1185 20 -25 1185 20 -15 1185 20 
55 1205 20 
-55 1225 20 
-115 1165 20 -105 1155 20 
5 1165 20 5 1175 20 
-125 1145 20 
-115 1105 20 -105 1095 20 
-5 1175 20 
-85 1215 20 -85 1225 20 
-35 1215 20 -35 1225 20 
-25 1205 20 -25 1215 20 -25 1225 20 
-35 1205 20 
15 1165 20 15 1175 20 
-115 1115 20 -105 1105 20 -95 1095 20 
-35 1125 20 -25 1125 20 
-205 1125 20 -195 1115 20 
5 1125 20 5 1135 20 5 1145 20 
-175 1115 20 -165 1105 20 
1065 1285 20 
875 1265 20 875 1275 20 875 1285 20 875 1295 20 
975 1245 20 975 1255 20 975 1265 20 985 1235 20 985 1245 20 985 1255 20 985 1265 20 995 1205 20 995 1225 20 995 1235 20 995 1245 20 1005 1205 20 1005 1215 20 1005 1225 20 1005 1235 20 1015 1215 20 1015 1225 20 
1425 1325 35 1425 1335 35 1435 1325 35 1435 1335 35 1435 1345 35 1445 1315 35 1445 1325 35 1445 1335 35 1445 1345 35 1445 1355 35 1445 1365 35 1455 1305 35 1455 1315 35 1455 1325 35 1455 1335 35 1455 1345 35 1455 1355 35 1455 1365 35 1455 1375 35 1455 1385 35 1465 1305 35 1465 1315 35 1465 1325 35 1465 1335 35 1465 1345 35 1465 1355 35 1465 1365 35 1465 1375 35 1465 1385 35 1465 1395 35 1475 1295 35 1475 1305 35 1475 1315 35 1475 1325 35 1475 1335 35 1475 1345 35 1475 1355 35 1475 1365 35 1475 1375 35 1475 1385 35 1475 1395 35 1475 1405 35 1475 1415 35 1485 1295 35 1485 1305 35 1485 1315 35 1485 1325 35 1485 1335 35 1485 1345 35 1485 1355 35 1485 1365 35 1485 1375 35 1485 1385 35 1485 1395 35 1485 1405 35 1485 1415 35 1485 1425 35 1495 1285 35 1495 1295 35 1495 1305 35 1495 1315 35 1495 1325 35 1495 1335 35 1495 1345 35 1495 1355 35 1495 1365 35 1495 1375 35 1495 1385 35 1495 1395 35 1495 1405 35 1495 1415 35 1495 1425 35 1495 1435 35 1495 1445 35 1505 1275 35 1505 1285 35 1505 1295 35 1505 1305 35 1505 1315 35 1505 1325 35 1505 1335 35 1505 1345 35 1505 1355 35 1505 1365 35 1505 1375 35 1505 1385 35 1505 1395 35 1505 1405 35 1505 1415 35 1505 1425 35 1505 1435 35 1505 1445 35 1505 1455 35 1505 1465 35 1515 1275 35 1515 1285 35 1515 1295 35 1515 1305 35 1515 1315 35 1515 1325 35 1515 1335 35 1515 1345 35 1515 1355 35 1515 1365 35 1515 1375 35 1515 1385 35 1515 1395 35 1515 1405 35 1515 1415 35 1515 1425 35 1515 1435 35 1515 1445 35 1515 1455 35 1515 1465 35 1515 1475 35 1525 1295 35 1525 1305 35 1525 1315 35 1525 1325 35 1525 1335 35 1525 1345 35 1525 1355 35 1525 1365 35 1525 1375 35 1525 1385 35 1525 1395 35 1525 1405 35 1525 1415 35 1525 1425 35 1525 1435 35 1525 1445 35 1525 1455 35 1525 1465 35 1525 1475 35 1535 1305 35 1535 1315 35 1535 1325 35 1535 1335 35 1535 1345 35 1535 1355 35 1535 1365 35 1535 1375 35 1535 1385 35 1535 1395 35 1535 1405 35 1535 1415 35 1535 1425 35 1535 1435 35 1535 1445 35 1535 1455 35 1535 1465 35 1535 1475 35 1545 1325 35 1545 1335 35 1545 1345 35 1545 1355 35 1545 1365 35 1545 1375 35 1545 1385 35 1545 1395 35 1545 1405 35 1545 1415 35 1545 1425 35 1545 1435 35 1545 1445 35 1545 1455 35 1545 1465 35 1555 1345 35 1555 1355 35 1555 1365 35 1555 1375 35 1555 1385 35 1555 1395 35 1555 1405 35 1555 1415 35 1555 1425 35 1555 1435 35 1555 1445 35 1555 1455 35 1565 1355 35 1565 1365 35 1565 1375 35 1565 1385 35 1565 1395 35 1565 1405 35 1565 1415 35 1565 1425 35 1565 1435 35 1565 1445 35 1565 1455 35 1575 1375 35 1575 1385 35 1575 1395 35 1575 1405 35 1575 1415 35 1575 1425 35 1575 1435 35 1575 1445 35 1585 1385 35 1585 1395 35 1585 1405 35 1585 1415 35 1585 1425 35 1585 1435 35 1595 1405 35 1595 1415 35 1595 1425 35 1595 1435 35 1605 1415 35 1605 1425 35 
1515 1415 35 1515 1425 35 1525 1415 35 1525 1425 35 1525 1435 35 1525 1445 35 1535 1405 35 1535 1415 35 1535 1425 35 1535 1435 35 1535 1445 35 1535 1455 35 1535 1465 35 1545 1395 35 1545 1405 35 1545 1415 35 1545 1425 35 1545 1435 35 1545 1445 35 1545 1455 35 1555 1395 35 1555 1405 35 1555 1415 35 1555 1425 35 1555 1435 35 1555 1445 35 1565 1395 35 1565 1405 35 1565 1415 35 1565 1425 35 1565 1435 35 1565 1445 35 1575 1415 35 1575 1425 35 1575 1435 35 1585 1425 35 
1455 1315 35 1455 1325 35 1455 1335 35 1465 1315 35 1465 1325 35 1465 1335 35 1465 1345 35 1475 1305 35 1475 1315 35 1475 1325 35 1475 1335 35 1475 1345 35 1475 1355 35 1475 1365 35 1485 1295 35 1485 1305 35 1485 1315 35 1485 1325 35 1485 1335 35 1485 1345 35 1485 1355 35 1495 1295 35 1495 1305 35 1495 1315 35 1495 1325 35 1495 1335 35 1495 1345 35 1495 1355 35 1505 1295 35 1505 1305 35 1505 1315 35 1505 1325 35 1505 1335 35 1505 1345 35 1515 1315 35 1515 1325 35 1515 1335 35 1525 1335 35 
1125 1325 35 1135 1325 35 1135 1335 35 1145 1315 35 1145 1325 35 1145 1335 35 1145 1345 35 1145 1355 35 1155 1305 35 1155 1315 35 1155 1325 35 1155 1335 35 1155 1345 35 1155 1355 35 1155 1365 35 1165 1305 35 1165 1315 35 1165 1325 35 1165 1335 35 1165 1355 35 1165 1365 35 1175 1295 35 1175 1305 35 1175 1315 35 1175 1325 35 1185 1295 35 1185 1305 35 1185 1315 35 1195 1315 35 
1165 1375 35 1165 1385 35 1175 1365 35 1175 1375 35 1175 1385 35 1175 1395 35 1175 1405 35 1185 1385 35 1185 1395 35 1185 1405 35 1185 1415 35 1195 1405 35 1195 1415 35 1195 1425 35 1195 1435 35 1205 1415 35 1205 1425 35 
1195 1355 35 1195 1365 35 1195 1375 35 1205 1345 35 1205 1355 35 1205 1365 35 1215 1345 35 1215 1355 35 1215 1365 35 
1185 1345 35 1185 1355 35 1195 1335 35 1195 1345 35 1205 1335 35 
1175 1335 35 1185 1335 35 1195 1325 35 
835 1225 35 835 1235 35 845 1185 35 845 1195 35 845 1205 35 845 1215 35 845 1225 35 845 1235 35 855 1185 35 855 1195 35 855 1205 35 855 1215 35 855 1225 35 855 1235 35 855 1245 35 865 1185 35 865 1195 35 865 1205 35 865 1215 35 865 1225 35 865 1235 35 865 1245 35 875 1185 35 875 1195 35 875 1205 35 875 1215 35 875 1225 35 875 1235 35 875 1245 35 885 1185 35 885 1195 35 885 1205 35 885 1215 35 885 1225 35 885 1235 35 885 1245 35 895 1185 35 895 1195 35 895 1205 35 895 1215 35 895 1225 35 895 1235 35 895 1245 35 905 1185 35 905 1195 35 905 1205 35 905 1215 35 905 1225 35 905 1235 35 905 1245 35 915 1185 35 915 1195 35 915 1205 35 915 1215 35 915 1225 35 915 1235 35 915 1245 35 925 1185 35 925 1195 35 925 1205 35 925 1215 35 925 1225 35 925 1235 35 925 1245 35 935 1195 35 935 1205 35 935 1215 35 935 1225 35 935 1235 35 935 1245 35 945 1195 35 945 1205 35 945 1215 35 945 1225 35 945 1235 35 945 1245 35 
875 1025 35 885 1015 35 885 1025 35 895 1005 35 895 1015 35 895 1025 35 905 1005 35 905 1015 35 905 1025 35 915 995 35 915 1005 35 915 1015 35 915 1025 35 915 1035 35 925 995 35 925 1005 35 925 1015 35 925 1025 35 925 1035 35 935 1005 35 935 1015 35 935 1025 35 935 1035 35 945 1025 35 945 1035 35 
945 955 35 945 965 35 955 945 35 955 955 35 955 965 35 955 975 35 965 945 35 965 955 35 965 965 35 965 975 35 965 985 35 975 955 35 975 965 35 975 975 35 975 985 35 975 995 35 975 1005 35 985 975 35 985 985 35 985 995 35 985 1005 35 985 1015 35 995 985 35 995 995 35 995 1005 35 995 1015 35 995 1025 35 1005 995 35 1005 1005 35 1005 1015 35 1005 1025 35 1015 1005 35 1015 1015 35 
915 915 35 915 925 35 925 925 35 925 935 35 
885 895 35 895 885 35 895 895 35 895 905 35 905 875 35 905 885 35 905 895 35 915 865 35 915 875 35 915 885 35 915 895 35 925 865 35 925 875 35 925 885 35 
1055 1035 35 1055 1045 35 1055 1055 35 1055 1065 35 1055 1075 35 1055 1085 35 1055 1095 35 1055 1105 35 1065 1025 35 1065 1035 35 1065 1045 35 1065 1055 35 1065 1065 35 1065 1075 35 1065 1085 35 1065 1095 35 1075 1025 35 1075 1035 35 1075 1045 35 1075 1055 35 1075 1065 35 1075 1075 35 1075 1085 35 1075 1095 35 1085 1015 35 1085 1025 35 1085 1035 35 1085 1045 35 1085 1055 35 1085 1065 35 1085 1075 35 1085 1085 35 1085 1095 35 1085 1105 35 1095 1015 35 1095 1025 35 1095 1035 35 1095 1045 35 1095 1055 35 1095 1065 35 1095 1075 35 1095 1085 35 1095 1095 35 1105 1025 35 1105 1035 35 1105 1045 35 1105 1055 35 1105 1065 35 1105 1075 35 1105 1085 35 1105 1095 35 1115 1015 35 1115 1025 35 1115 1035 35 1115 1045 35 1115 1055 35 1115 1065 35 1115 1075 35 1115 1085 35 1125 1035 35 1125 1045 35 1125 1055 35 1125 1065 35 1125 1075 35 1135 1055 35 1135 1065 35 1135 1075 35 
495 1385 35 495 1395 35 505 1375 35 505 1385 35 505 1395 35 505 1405 35 505 1415 35 515 1355 35 515 1365 35 515 1375 35 515 1385 35 515 1395 35 515 1405 35 525 1365 35 525 1375 35 525 1385 35 525 1395 35 535 1375 35 535 1385 35 535 1395 35 545 1385 35 545 1395 35 
525 1345 35 535 1325 35 535 1335 35 535 1345 35 535 1355 35 545 1315 35 545 1325 35 545 1335 35 545 1345 35 555 1295 35 555 1305 35 555 1315 35 555 1325 35 565 1285 35 565 1295 35 565 1305 35 565 1315 35 575 1285 35 575 1295 35 575 1305 35 
165 1365 35 165 1375 35 175 1345 35 175 1355 35 175 1365 35 175 1375 35 185 1345 35 185 1355 35 185 1365 35 185 1375 35 185 1385 35 195 1315 35 195 1355 35 195 1365 35 195 1375 35 195 1385 35 195 1395 35 205 1315 35 205 1355 35 205 1365 35 205 1375 35 205 1385 35 205 1395 35 205 1405 35 215 1315 35 215 1325 35 215 1375 35 215 1385 35 215 1395 35 215 1405 35 225 1305 35 225 1315 35 225 1325 35 225 1385 35 225 1395 35 225 1405 35 225 1415 35 225 1425 35 235 1315 35 235 1325 35 235 1335 35 235 1375 35 235 1385 35 235 1395 35 235 1405 35 235 1415 35 235 1425 35 245 1315 35 245 1325 35 245 1335 35 245 1345 35 245 1355 35 245 1365 35 245 1375 35 245 1385 35 245 1395 35 245 1405 35 245 1415 35 245 1425 35 255 1315 35 255 1325 35 255 1335 35 255 1345 35 255 1355 35 255 1365 35 255 1375 35 255 1385 35 255 1395 35 255 1405 35 265 1325 35 265 1335 35 265 1345 35 265 1355 35 265 1365 35 265 1375 35 265 1385 35 275 1315 35 275 1325 35 275 1335 35 275 1345 35 275 1355 35 275 1365 35 285 1325 35 285 1335 35 285 1345 35 
65 1265 35 65 1275 35 75 1275 35 85 1275 35 95 1275 35 95 1285 35 105 1285 35 115 1285 35 
-435 1445 35 -425 1395 35 -425 1405 35 -425 1415 35 -425 1425 35 -425 1435 35 -425 1445 35 -415 1395 35 -415 1405 35 -415 1415 35 -415 1425 35 -415 1435 35 -415 1445 35 -405 1395 35 -405 1405 35 -405 1415 35 -405 1425 35 -405 1435 35 -405 1445 35 -395 1395 35 -395 1405 35 -395 1415 35 -395 1425 35 -395 1435 35 -395 1445 35 -395 1455 35 -385 1395 35 -385 1405 35 -385 1415 35 -385 1425 35 -385 1435 35 -385 1445 35 -385 1455 35 -375 1395 35 -375 1405 35 -375 1415 35 -375 1425 35 -375 1435 35 -375 1445 35 -375 1455 35 -365 1395 35 -365 1405 35 -365 1415 35 -365 1425 35 -365 1435 35 -365 1445 35 -365 1455 35 -355 1395 35 -355 1405 35 -355 1415 35 -355 1425 35 -355 1435 35 -355 1445 35 -355 1455 35 -355 1465 35 -345 1395 35 -345 1405 35 -345 1415 35 -345 1425 35 -345 1435 35 -345 1445 35 -335 1395 35 -335 1405 35 -335 1415 35 -335 1425 35 -335 1435 35 -335 1445 35 -335 1455 35 -325 1405 35 -325 1415 35 -325 1425 35 -325 1435 35 -325 1445 35 -325 1455 35 -315 1405 35 -315 1415 35 -315 1425 35 -315 1435 35 -315 1445 35 -315 1455 35 -305 1405 35 -305 1415 35 -305 1425 35 -305 1435 35 -305 1445 35 -305 1455 35 -295 1405 35 -295 1415 35 -295 1425 35 -295 1435 35 -295 1445 35 -295 1455 35 -285 1405 35 -285 1415 35 -285 1425 35 -285 1435 35 -285 1445 35 -285 1455 35 
-225 1395 35 -215 1385 35 -215 1395 35 -205 1375 35 -205 1385 35 -195 1365 35 -195 1375 35 -195 1435 35 -185 1355 35 -185 1365 35 -185 1425 35 -175 1355 35 -175 1415 35 -175 1425 35 -165 1355 35 -165 1405 35 -165 1415 35 -155 1345 35 -155 1355 35 -155 1365 35 -155 1375 35 -155 1395 35 -155 1405 35 -145 1335 35 -145 1345 35 -145 1375 35 -145 1385 35 -145 1395 35 -135 1325 35 -135 1335 35 
-145 1405 35 -145 1415 35 -135 1365 35 -135 1395 35 -135 1405 35 -125 1345 35 -125 1355 35 -125 1365 35 -125 1375 35 -125 1395 35 -125 1405 35 -115 1335 35 -115 1345 35 -115 1355 35 -115 1365 35 -115 1375 35 -115 1385 35 -115 1395 35 -105 1345 35 -105 1355 35 -105 1365 35 -105 1375 35 -105 1385 35 -95 1355 35 -95 1365 35 
-415 1335 35 -415 1345 35 -415 1355 35 -415 1365 35 -415 1375 35 -405 1335 35 -405 1345 35 -405 1355 35 -405 1365 35 -405 1375 35 -395 1335 35 -395 1345 35 -395 1355 35 -395 1365 35 -395 1375 35 -385 1325 35 -385 1335 35 -385 1345 35 -385 1355 35 -385 1365 35 -385 1375 35 -385 1385 35 -375 1325 35 -375 1335 35 -375 1345 35 -375 1355 35 -375 1365 35 -375 1375 35 -375 1385 35 -365 1325 35 -365 1335 35 -365 1345 35 -365 1355 35 -365 1365 35 -365 1375 35 -365 1385 35 -355 1345 35 -355 1355 35 -355 1365 35 -355 1375 35 -355 1385 35 -345 1345 35 -345 1355 35 -345 1365 35 -345 1375 35 -345 1385 35 -335 1345 35 -335 1355 35 -335 1365 35 -335 1375 35 
-535 1325 35 -535 1335 35 -525 1325 35 -525 1335 35 -525 1345 35 -525 1355 35 -515 1315 35 -515 1345 35 -515 1355 35 -505 1305 35 -505 1325 35 -495 1305 35 -495 1315 35 -495 1335 35 -495 1345 35 -485 1325 35 -485 1335 35 -475 1325 35 -475 1335 35 
-555 1155 35 -555 1165 35 -555 1175 35 -545 1155 35 -545 1165 35 -545 1175 35 -535 1155 35 -535 1165 35 -535 1175 35 -535 1185 35 -525 1155 35 -525 1165 35 -525 1175 35 -525 1185 35 -515 1155 35 -515 1165 35 -515 1175 35 -515 1185 35 -505 1155 35 -505 1165 35 -505 1175 35 -505 1185 35 -495 1165 35 -495 1175 35 -495 1185 35 -485 1165 35 -485 1175 35 
-775 1425 35 -765 1375 35 -765 1415 35 -765 1425 35 -755 1375 35 -755 1385 35 -755 1395 35 -755 1415 35 -755 1425 35 -745 1365 35 -745 1375 35 -745 1415 35 -745 1425 35 -735 1365 35 -735 1375 35 -735 1405 35 -735 1415 35 -725 1365 35 -725 1375 35 -725 1405 35 -725 1415 35 -715 1355 35 -715 1365 35 -715 1375 35 -715 1405 35 -715 1415 35 -705 1355 35 -705 1365 35 
-955 1325 35 -955 1335 35 -955 1345 35 -945 1325 35 -945 1335 35 -945 1345 35 -945 1355 35 -935 1335 35 -935 1345 35 -935 1355 35 -935 1365 35 -925 1335 35 -925 1345 35 -925 1355 35 -925 1365 35 -925 1375 35 -915 1355 35 -915 1365 35 -915 1375 35 -905 1365 35 
-975 1245 35 -975 1255 35 -965 1245 35 -965 1255 35 -965 1265 35 -955 1255 35 -955 1265 35 -945 1255 35 -945 1265 35 -945 1275 35 -945 1285 35 -935 1275 35 
-995 645 35 -995 655 35 -995 665 35 -985 635 35 -985 645 35 -985 655 35 -985 665 35 -985 675 35 -975 625 35 -975 635 35 -975 645 35 -975 655 35 -975 665 35 -975 675 35 -975 685 35 -965 615 35 -965 625 35 -965 635 35 -965 645 35 -965 655 35 -965 665 35 -965 675 35 -965 685 35 -965 695 35 -955 605 35 -955 615 35 -955 625 35 -955 635 35 -955 645 35 -955 655 35 -955 665 35 -955 675 35 -955 685 35 -955 695 35 -955 705 35 -945 595 35 -945 605 35 -945 615 35 -945 625 35 -945 635 35 -945 645 35 -945 655 35 -945 665 35 -945 675 35 -945 685 35 -945 695 35 -945 705 35 -945 715 35 -935 585 35 -935 595 35 -935 605 35 -935 615 35 -935 625 35 -935 635 35 -935 645 35 -935 655 35 -935 665 35 -935 675 35 -935 685 35 -935 695 35 -935 705 35 -935 715 35 -925 575 35 -925 585 35 -925 595 35 -925 605 35 -925 615 35 -925 625 35 -925 635 35 -925 645 35 -925 655 35 -925 665 35 -925 675 35 -925 685 35 -925 695 35 -925 705 35 -925 715 35 -915 585 35 -915 595 35 -915 605 35 -915 615 35 -915 625 35 -915 635 35 -915 645 35 -915 655 35 -915 665 35 -915 675 35 -915 685 35 -915 695 35 -915 705 35 -915 715 35 -915 725 35 -905 585 35 -905 595 35 -905 605 35 -905 615 35 -905 625 35 -905 635 35 -905 645 35 -905 655 35 -905 665 35 -905 675 35 -905 685 35 -905 695 35 -905 705 35 -905 715 35 -905 725 35 -905 735 35 -895 595 35 -895 605 35 -895 615 35 -895 625 35 -895 635 35 -895 645 35 -895 655 35 -895 665 35 -895 675 35 -895 685 35 -895 695 35 -895 705 35 -895 715 35 -895 725 35 -895 735 35 -895 745 35 -895 755 35 -885 605 35 -885 615 35 -885 625 35 -885 635 35 -885 645 35 -885 655 35 -885 665 35 -885 675 35 -885 685 35 -885 695 35 -885 705 35 -885 715 35 -885 725 35 -885 735 35 -885 745 35 -885 755 35 -885 765 35 -875 615 35 -875 625 35 -875 635 35 -875 645 35 -875 655 35 -875 665 35 -875 675 35 -875 685 35 -875 695 35 -875 705 35 -875 715 35 -875 725 35 -875 735 35 -875 745 35 -875 755 35 -875 765 35 -875 775 35 -865 625 35 -865 635 35 -865 645 35 -865 655 35 -865 665 35 -865 675 35 -865 685 35 -865 695 35 -865 705 35 -865 715 35 -865 725 35 -865 735 35 -865 745 35 -865 755 35 -865 765 35 -865 775 35 -865 785 35 -855 655 35 -855 665 35 -855 675 35 -855 685 35 -855 695 35 -855 705 35 -855 715 35 -855 725 35 -855 735 35 -855 745 35 -855 755 35 -855 765 35 -855 775 35 -855 785 35 -855 795 35 -845 665 35 -845 675 35 -845 685 35 -845 695 35 -845 705 35 -845 715 35 -845 725 35 -845 735 35 -845 745 35 -845 755 35 -845 765 35 -845 775 35 -845 785 35 -845 795 35 -845 805 35 -835 675 35 -835 685 35 -835 695 35 -835 705 35 -835 715 35 -835 725 35 -835 735 35 -835 745 35 -835 755 35 -835 765 35 -835 775 35 -835 785 35 -835 795 35 -835 805 35 -825 675 35 -825 685 35 -825 695 35 -825 705 35 -825 715 35 -825 725 35 -825 735 35 -825 745 35 -825 755 35 -825 765 35 -825 775 35 -825 785 35 -825 795 35 -825 805 35 -815 675 35 -815 685 35 -815 695 35 -815 705 35 -815 715 35 -815 725 35 -815 735 35 -815 745 35 -815 755 35 -815 765 35 -815 775 35 -815 785 35 -805 685 35 -805 695 35 -805 705 35 -805 715 35 -805 725 35 -805 735 35 -805 745 35 -805 755 35 -805 765 35 -805 775 35 -795 695 35 -795 705 35 -795 715 35 -795 725 35 -795 735 35 -795 745 35 -795 755 35 -795 765 35 -785 695 35 -785 705 35 -785 715 35 -785 725 35 -785 735 35 -785 745 35 -785 755 35 -775 705 35 -775 715 35 -775 725 35 -775 735 35 -775 745 35 -765 715 35 -765 725 35 -765 735 35 
-795 625 35 -795 635 35 -795 645 35 -785 615 35 -785 625 35 -785 635 35 -785 645 35 -785 655 35 -775 605 35 -775 615 35 -775 625 35 -775 635 35 -775 645 35 -775 655 35 -775 665 35 -765 595 35 -765 605 35 -765 615 35 -765 625 35 -765 635 35 -765 645 35 -765 655 35 -765 665 35 -765 675 35 -755 595 35 -755 605 35 -755 615 35 -755 625 35 -755 635 35 -755 645 35 -755 655 35 -755 665 35 -755 675 35 -755 685 35 -745 595 35 -745 605 35 -745 615 35 -745 625 35 -745 635 35 -745 645 35 -745 655 35 -745 665 35 -745 675 35 -745 685 35 -745 695 35 -735 605 35 -735 615 35 -735 625 35 -735 635 35 -735 645 35 -735 655 35 -735 665 35 -735 675 35 -735 685 35 -735 695 35 -725 615 35 -725 625 35 -725 635 35 -725 645 35 -725 655 35 -725 665 35 -725 675 35 -725 685 35 -725 695 35 -715 625 35 -715 635 35 -715 645 35 -715 655 35 -715 665 35 -715 675 35 -715 685 35 -705 635 35 -705 645 35 -705 655 35 -705 665 35 -695 645 35 -695 655 35 
-1235 425 35 -1235 435 35 -1235 445 35 -1225 415 35 -1225 425 35 -1225 435 35 -1225 445 35 -1225 455 35 -1215 405 35 -1215 415 35 -1215 425 35 -1215 435 35 -1215 445 35 -1215 455 35 -1215 465 35 -1205 395 35 -1205 405 35 -1205 415 35 -1205 425 35 -1205 435 35 -1205 445 35 -1205 455 35 -1205 465 35 -1205 475 35 -1195 385 35 -1195 395 35 -1195 405 35 -1195 415 35 -1195 425 35 -1195 435 35 -1195 445 35 -1195 455 35 -1195 465 35 -1195 475 35 -1195 485 35 -1185 375 35 -1185 385 35 -1185 395 35 -1185 405 35 -1185 415 35 -1185 425 35 -1185 435 35 -1185 445 35 -1185 455 35 -1185 465 35 -1185 475 35 -1185 485 35 -1185 495 35 -1175 365 35 -1175 375 35 -1175 385 35 -1175 395 35 -1175 405 35 -1175 415 35 -1175 425 35 -1175 435 35 -1175 445 35 -1175 455 35 -1175 465 35 -1175 475 35 -1175 485 35 -1175 495 35 -1165 365 35 -1165 375 35 -1165 385 35 -1165 395 35 -1165 405 35 -1165 415 35 -1165 425 35 -1165 435 35 -1165 445 35 -1165 455 35 -1165 465 35 -1165 475 35 -1165 485 35 -1165 495 35 -1155 365 35 -1155 375 35 -1155 385 35 -1155 395 35 -1155 405 35 -1155 415 35 -1155 425 35 -1155 435 35 -1155 445 35 -1155 455 35 -1155 465 35 -1155 475 35 -1155 485 35 -1155 495 35 -1155 505 35 -1145 375 35 -1145 385 35 -1145 395 35 -1145 405 35 -1145 415 35 -1145 425 35 -1145 435 35 -1145 445 35 -1145 455 35 -1145 465 35 -1145 475 35 -1145 485 35 -1145 495 35 -1145 505 35 -1145 515 35 -1135 385 35 -1135 395 35 -1135 405 35 -1135 415 35 -1135 425 35 -1135 435 35 -1135 445 35 -1135 455 35 -1135 465 35 -1135 475 35 -1135 485 35 -1135 495 35 -1135 505 35 -1135 515 35 -1135 525 35 -1135 535 35 -1125 385 35 -1125 395 35 -1125 405 35 -1125 415 35 -1125 425 35 -1125 435 35 -1125 445 35 -1125 455 35 -1125 465 35 -1125 475 35 -1125 485 35 -1125 495 35 -1125 505 35 -1125 515 35 -1125 525 35 -1125 535 35 -1125 545 35 -1115 395 35 -1115 405 35 -1115 415 35 -1115 425 35 -1115 435 35 -1115 445 35 -1115 455 35 -1115 465 35 -1115 475 35 -1115 485 35 -1115 495 35 -1115 505 35 -1115 515 35 -1115 525 35 -1115 535 35 -1115 545 35 -1115 555 35 -1105 405 35 -1105 415 35 -1105 425 35 -1105 435 35 -1105 445 35 -1105 455 35 -1105 465 35 -1105 475 35 -1105 485 35 -1105 495 35 -1105 505 35 -1105 515 35 -1105 525 35 -1105 535 35 -1105 545 35 -1105 555 35 -1105 565 35 -1095 435 35 -1095 445 35 -1095 455 35 -1095 465 35 -1095 475 35 -1095 485 35 -1095 495 35 -1095 505 35 -1095 515 35 -1095 525 35 -1095 535 35 -1095 545 35 -1095 555 35 -1095 565 35 -1095 575 35 -1085 445 35 -1085 455 35 -1085 465 35 -1085 475 35 -1085 485 35 -1085 495 35 -1085 505 35 -1085 515 35 -1085 525 35 -1085 535 35 -1085 545 35 -1085 555 35 -1085 565 35 -1085 575 35 -1085 585 35 -1075 455 35 -1075 465 35 -1075 475 35 -1075 485 35 -1075 495 35 -1075 505 35 -1075 515 35 -1075 525 35 -1075 535 35 -1075 545 35 -1075 555 35 -1075 565 35 -1075 575 35 -1075 585 35 -1065 455 35 -1065 465 35 -1065 475 35 -1065 485 35 -1065 495 35 -1065 505 35 -1065 515 35 -1065 525 35 -1065 535 35 -1065 545 35 -1065 555 35 -1065 565 35 -1065 575 35 -1055 455 35 -1055 465 35 -1055 475 35 -1055 485 35 -1055 495 35 -1055 505 35 -1055 515 35 -1055 525 35 -1055 535 35 -1055 545 35 -1055 555 35 -1055 565 35 -1045 465 35 -1045 475 35 -1045 485 35 -1045 495 35 -1045 505 35 -1045 515 35 -1045 525 35 -1045 535 35 -1045 545 35 -1045 555 35 -1035 475 35 -1035 485 35 -1035 495 35 -1035 505 35 -1035 515 35 -1035 525 35 -1035 535 35 -1035 545 35 -1025 475 35 -1025 485 35 -1025 495 35 -1025 505 35 -1025 515 35 -1025 525 35 -1025 535 35 -1015 485 35 -1015 495 35 -1015 505 35 -1015 515 35 -1015 525 35 -1005 495 35 -1005 505 35 -1005 515 35 
-1055 575 35 -1055 585 35 -1045 565 35 -1045 575 35 -1045 585 35 -1045 595 35 -1035 555 35 -1035 565 35 -1035 575 35 -1035 585 35 -1035 595 35 -1035 605 35 -1025 545 35 -1025 555 35 -1025 565 35 -1025 575 35 -1025 585 35 -1025 595 35 -1025 605 35 -1025 615 35 -1015 535 35 -1015 545 35 -1015 555 35 -1015 565 35 -1015 575 35 -1015 585 35 -1015 595 35 -1015 605 35 -1015 615 35 -1015 625 35 -1005 525 35 -1005 535 35 -1005 545 35 -1005 555 35 -1005 565 35 -1005 575 35 -1005 585 35 -1005 595 35 -1005 605 35 -1005 615 35 -1005 625 35 -1005 635 35 -995 515 35 -995 525 35 -995 535 35 -995 545 35 -995 555 35 -995 565 35 -995 575 35 -995 585 35 -995 595 35 -995 605 35 -995 615 35 -995 625 35 -995 635 35 -985 525 35 -985 535 35 -985 545 35 -985 555 35 -985 565 35 -985 575 35 -985 585 35 -985 595 35 -985 605 35 -985 615 35 -985 625 35 -975 535 35 -975 545 35 -975 555 35 -975 565 35 -975 575 35 -975 585 35 -975 595 35 -975 605 35 -975 615 35 -965 535 35 -965 545 35 -965 555 35 -965 565 35 -965 575 35 -965 585 35 -965 595 35 -965 605 35 -955 545 35 -955 555 35 -955 565 35 -955 575 35 -955 585 35 -955 595 35 -945 555 35 -945 565 35 -945 575 35 -945 585 35 -935 575 35 
-1135 325 35 -1135 335 35 -1125 315 35 -1125 325 35 -1125 335 35 -1125 345 35 -1115 295 35 -1115 305 35 -1115 315 35 -1115 325 35 -1115 335 35 -1115 345 35 -1115 355 35 -1105 285 35 -1105 295 35 -1105 305 35 -1105 315 35 -1105 325 35 -1105 335 35 -1105 345 35 -1105 355 35 -1095 285 35 -1095 295 35 -1095 305 35 -1095 315 35 -1095 325 35 -1095 335 35 -1095 345 35 -1095 355 35 -1095 365 35 -1085 285 35 -1085 295 35 -1085 305 35 -1085 315 35 -1085 325 35 -1085 335 35 -1085 345 35 -1085 355 35 -1085 365 35 -1085 375 35 -1075 295 35 -1075 305 35 -1075 315 35 -1075 325 35 -1075 335 35 -1075 345 35 -1075 355 35 -1075 365 35 -1075 375 35 -1065 305 35 -1065 315 35 -1065 325 35 -1065 335 35 -1065 345 35 -1065 355 35 -1065 365 35 -1065 375 35 -1055 305 35 -1055 315 35 -1055 325 35 -1055 335 35 -1055 345 35 -1055 355 35 -1055 365 35 -1055 375 35 -1045 315 35 -1045 325 35 -1045 335 35 -1045 345 35 -1045 355 35 -1045 365 35 -1035 325 35 -1035 335 35 -1035 345 35 -1035 355 35 
-1055 785 35 -1045 775 35 -1045 785 35 -1035 775 35 -1035 785 35 -1035 795 35 -1025 785 35 -1025 795 35 -1015 785 35 -1015 795 35 -1015 805 35 
-1105 795 35 -1105 805 35 -1095 795 35 -1095 805 35 -1085 795 35 -1085 805 35 -1075 795 35 -1075 805 35 
-1155 725 35 -1145 725 35 -1145 735 35 -1135 735 35 -1135 745 35 -1125 745 35 -1125 755 35 -1125 765 35 -1115 755 35 
-1085 715 35 -1085 725 35 -1075 705 35 -1075 715 35 -1065 705 35 
-1535 1045 35 -1525 1045 35 -1515 965 35 -1515 975 35 -1515 985 35 -1515 995 35 -1515 1045 35 -1505 965 35 -1505 975 35 -1505 985 35 -1505 995 35 -1505 1035 35 -1505 1045 35 -1495 965 35 -1495 975 35 -1495 985 35 -1495 995 35 -1495 1035 35 -1485 965 35 -1485 975 35 -1485 985 35 -1485 995 35 -1485 1035 35 -1475 965 35 -1475 975 35 -1475 985 35 -1465 955 35 -1465 965 35 -1465 975 35 -1465 985 35 -1455 955 35 -1455 965 35 -1455 975 35 -1455 985 35 -1445 945 35 -1445 955 35 -1445 965 35 -1445 975 35 -1445 985 35 -1435 945 35 -1435 955 35 -1435 965 35 -1435 975 35 -1435 985 35 -1425 945 35 -1425 955 35 -1425 965 35 -1425 975 35 -1425 985 35 
-1405 1075 35 -1405 1085 35 -1405 1095 35 -1395 1065 35 -1395 1075 35 -1395 1085 35 -1395 1095 35 -1385 1055 35 -1385 1065 35 -1385 1075 35 -1385 1085 35 -1385 1095 35 -1375 1035 35 -1375 1045 35 -1375 1055 35 -1375 1065 35 -1375 1075 35 -1375 1085 35 -1365 1025 35 -1365 1035 35 -1365 1045 35 -1365 1055 35 -1365 1065 35 -1365 1075 35 -1365 1085 35 -1355 1005 35 -1355 1015 35 -1355 1025 35 -1355 1035 35 -1355 1045 35 -1355 1055 35 -1355 1065 35 -1355 1075 35 -1345 1015 35 -1345 1025 35 -1345 1035 35 -1345 1045 35 -1345 1055 35 -1345 1065 35 -1335 1035 35 -1335 1045 35 -1335 1055 35 
-1385 1125 35 -1375 1115 35 -1375 1125 35 -1375 1135 35 -1375 1145 35 -1365 1115 35 -1365 1125 35 -1365 1135 35 -1365 1145 35 -1365 1155 35 -1365 1165 35 -1355 1105 35 -1355 1115 35 -1355 1125 35 -1355 1135 35 -1355 1145 35 -1355 1155 35 -1355 1165 35 -1355 1175 35 -1355 1185 35 -1345 1125 35 -1345 1135 35 -1345 1145 35 -1345 1155 35 -1345 1165 35 -1345 1175 35 -1345 1185 35 -1345 1195 35 -1345 1205 35 -1335 1145 35 -1335 1155 35 -1335 1165 35 -1335 1175 35 -1335 1185 35 -1335 1195 35 -1335 1205 35 -1335 1215 35 -1325 1155 35 -1325 1165 35 -1325 1175 35 -1325 1185 35 -1325 1195 35 -1325 1205 35 -1315 1175 35 -1315 1185 35 -1315 1195 35 -1315 1205 35 -1305 1195 35 
-1335 1095 35 -1335 1105 35 -1325 1085 35 -1325 1095 35 -1325 1105 35 -1325 1115 35 -1315 1085 35 -1315 1095 35 -1315 1105 35 -1315 1115 35 -1315 1125 35 -1315 1135 35 -1305 1095 35 -1305 1105 35 -1305 1115 35 -1305 1125 35 -1305 1135 35 -1305 1145 35 -1305 1155 35 -1295 1115 35 -1295 1125 35 -1295 1135 35 -1295 1145 35 -1295 1155 35 -1295 1165 35 -1295 1175 35 -1285 1135 35 -1285 1145 35 -1285 1155 35 -1285 1165 35 -1285 1175 35 -1285 1185 35 -1275 1155 35 -1275 1165 35 -1275 1175 35 -1265 1165 35 
-1285 1095 35 -1285 1105 35 -1285 1115 35 -1275 1095 35 -1275 1105 35 -1275 1115 35 -1275 1125 35 -1265 1095 35 -1265 1105 35 -1265 1115 35 -1265 1125 35 -1265 1135 35 -1265 1145 35 -1255 1095 35 -1255 1105 35 -1255 1115 35 -1255 1125 35 -1255 1135 35 -1245 1105 35 -1245 1115 35 -1245 1125 35 -1235 1105 35 -1235 1125 35 
-1335 -115 35 -1335 -105 35 -1335 -95 35 -1325 -135 35 -1325 -125 35 -1325 -115 35 -1325 -105 35 -1325 -95 35 -1315 -145 35 -1315 -135 35 -1315 -125 35 -1315 -115 35 -1315 -105 35 -1315 -95 35 -1315 -85 35 -1305 -145 35 -1305 -135 35 -1305 -125 35 -1305 -115 35 -1305 -105 35 -1305 -95 35 -1305 -85 35 -1295 -135 35 -1295 -125 35 -1295 -115 35 -1295 -105 35 -1295 -95 35 -1295 -85 35 -1295 -75 35 -1285 -135 35 -1285 -125 35 -1285 -115 35 -1285 -105 35 -1285 -95 35 -1285 -85 35 -1285 -75 35 -1285 -65 35 -1275 -125 35 -1275 -115 35 -1275 -105 35 -1275 -95 35 -1275 -85 35 -1275 -75 35 -1275 -65 35 -1265 -125 35 -1265 -115 35 -1265 -105 35 -1265 -95 35 -1265 -85 35 -1265 -75 35 -1265 -65 35 -1265 -55 35 -1255 -115 35 -1255 -105 35 -1255 -95 35 -1255 -85 35 -1255 -75 35 -1255 -65 35 -1255 -55 35 -1245 -115 35 -1245 -105 35 -1245 -95 35 -1245 -85 35 -1245 -75 35 -1245 -65 35 -1245 -55 35 -1245 -45 35 -1235 -105 35 -1235 -95 35 -1235 -85 35 -1235 -75 35 -1235 -65 35 -1235 -55 35 -1235 -45 35 -1225 -105 35 -1225 -95 35 -1225 -85 35 -1225 -75 35 -1225 -65 35 -1225 -55 35 -1225 -45 35 -1225 -35 35 -1215 -95 35 -1215 -85 35 -1215 -75 35 -1215 -65 35 -1215 -55 35 -1215 -45 35 -1215 -35 35 -1205 -85 35 -1205 -75 35 -1205 -65 35 -1205 -55 35 -1205 -45 35 -1205 -35 35 -1205 -25 35 -1195 -85 35 -1195 -75 35 -1195 -65 35 -1195 -55 35 -1195 -45 35 -1195 -35 35 -1195 -25 35 -1185 -75 35 -1185 -65 35 -1185 -55 35 -1185 -45 35 -1175 -75 35 -1175 -65 35 -1175 -55 35 
-1435 -145 35 -1435 -135 35 -1435 -125 35 -1425 -195 35 -1425 -185 35 -1425 -175 35 -1425 -165 35 -1425 -155 35 -1425 -145 35 -1425 -135 35 -1425 -125 35 -1415 -195 35 -1415 -185 35 -1415 -175 35 -1415 -165 35 -1415 -155 35 -1415 -145 35 -1415 -135 35 -1415 -125 35 -1405 -185 35 -1405 -175 35 -1405 -165 35 -1405 -155 35 -1405 -145 35 -1405 -135 35 -1405 -125 35 -1395 -185 35 -1395 -175 35 -1395 -165 35 -1395 -155 35 -1395 -145 35 -1395 -135 35 -1395 -125 35 -1385 -185 35 -1385 -175 35 -1385 -165 35 -1385 -155 35 -1385 -145 35 -1385 -135 35 -1385 -125 35 -1375 -185 35 -1375 -175 35 -1375 -165 35 -1375 -155 35 -1375 -145 35 -1365 -185 35 
-1525 -1225 35 -1515 -1235 35 -1515 -1225 35 -1515 -1215 35 -1505 -1245 35 -1505 -1235 35 -1505 -1225 35 -1505 -1215 35 -1505 -1205 35 -1495 -1255 35 -1495 -1245 35 -1495 -1235 35 -1495 -1225 35 -1495 -1215 35 -1495 -1205 35 -1495 -1195 35 -1485 -1245 35 -1485 -1235 35 -1485 -1225 35 -1485 -1215 35 -1485 -1205 35 -1475 -1235 35 -1475 -1225 35 
-1555 -1195 35 -1555 -1185 35 -1555 -1175 35 -1545 -1205 35 -1545 -1195 35 -1545 -1185 35 -1545 -1175 35 -1535 -1205 35 -1535 -1195 35 -1535 -1185 35 -1535 -1175 35 -1525 -1205 35 -1525 -1195 35 -1525 -1185 35 -1515 -1205 35 -1515 -1195 35 -1515 -1185 35 
-1615 -1165 35 -1615 -1155 35 -1605 -1175 35 -1605 -1165 35 -1605 -1155 35 -1605 -1145 35 -1595 -1185 35 -1595 -1175 35 -1595 -1165 35 -1595 -1155 35 -1595 -1145 35 -1585 -1185 35 -1585 -1175 35 -1585 -1165 35 -1585 -1155 35 -1585 -1145 35 -1575 -1195 35 -1575 -1185 35 -1575 -1175 35 -1575 -1165 35 -1575 -1155 35 -1565 -1175 35 -1565 -1165 35 
-1495 -1265 35 -1485 -1265 35 -1485 -1255 35 -1475 -1265 35 -1475 -1255 35 -1475 -1245 35 -1465 -1265 35 -1465 -1255 35 -1465 -1245 35 -1465 -1235 35 -1455 -1275 35 -1455 -1265 35 -1455 -1255 35 -1455 -1245 35 -1445 -1275 35 -1445 -1265 35 -1445 -1255 35 
-1525 -1425 35 -1525 -1415 35 -1515 -1455 35 -1515 -1445 35 -1515 -1435 35 -1515 -1425 35 -1515 -1415 35 -1505 -1455 35 -1505 -1445 35 -1505 -1435 35 -1505 -1425 35 -1495 -1455 35 -1495 -1445 35 -1495 -1435 35 -1495 -1425 35 -1485 -1445 35 -1485 -1435 35 
-1635 -1475 35 -1635 -1465 35 -1635 -1455 35 -1635 -1445 35 -1635 -1435 35 -1635 -1425 35 -1625 -1475 35 -1625 -1465 35 -1625 -1455 35 -1625 -1445 35 -1625 -1435 35 -1625 -1425 35 -1615 -1475 35 -1615 -1465 35 -1615 -1455 35 -1615 -1445 35 -1615 -1435 35 -1615 -1425 35 -1605 -1475 35 -1605 -1465 35 -1605 -1455 35 -1605 -1445 35 -1605 -1435 35 -1605 -1425 35 -1595 -1475 35 -1595 -1465 35 -1595 -1455 35 -1595 -1445 35 -1595 -1435 35 -1595 -1425 35 -1585 -1475 35 -1585 -1465 35 -1585 -1455 35 -1585 -1445 35 -1585 -1435 35 -1585 -1425 35 -1575 -1475 35 -1575 -1465 35 -1575 -1455 35 -1575 -1445 35 -1575 -1435 35 -1575 -1425 35 -1565 -1475 35 -1565 -1465 35 -1565 -1455 35 -1565 -1445 35 -1565 -1435 35 -1565 -1425 35 -1555 -1475 35 -1555 -1465 35 -1555 -1455 35 -1555 -1445 35 -1555 -1435 35 -1555 -1425 35 -1545 -1475 35 -1545 -1465 35 -1545 -1455 35 -1545 -1445 35 -1545 -1435 35 -1545 -1425 35 
-1405 -1465 35 -1405 -1455 35 -1405 -1445 35 -1405 -1435 35 -1405 -1425 35 -1395 -1475 35 -1395 -1465 35 -1395 -1455 35 -1395 -1445 35 -1395 -1435 35 -1395 -1425 35 -1395 -1415 35 -1385 -1485 35 -1385 -1475 35 -1385 -1465 35 -1385 -1455 35 -1385 -1445 35 -1385 -1435 35 -1385 -1425 35 -1385 -1415 35 -1385 -1405 35 -1385 -1395 35 -1375 -1485 35 -1375 -1475 35 -1375 -1465 35 -1375 -1415 35 -1375 -1405 35 -1375 -1395 35 -1365 -1495 35 -1365 -1485 35 -1365 -1475 35 -1365 -1405 35 -1355 -1495 35 -1355 -1485 35 -1355 -1475 35 -1345 -1495 35 -1345 -1485 35 
-1465 -1375 35 -1465 -1365 35 -1455 -1375 35 -1455 -1365 35 -1445 -1365 35 
-1495 -1345 35 
-1485 -1355 35 -1475 -1355 35 
