-1645.537763 -1488.452447 0.0
-1621.971874 -1489.378768 0.0
-1547.844746 -1480.850117 0.0
-1487.902713 -1463.103407 0.0
-1430.095114 -1434.826537 0.0
-1373.777173 -1399.177443 0.0
-1312.868663 -1352.051379 0.0
-1252.826645 -1305.299798 0.0
-1170.589226 -1240.190889 0.0
-901.128591 -1025.622572 0.0
-894.628419 -1025.622572 0.0
-654.772931 -812.31286 0.0
-569.751294 -763.954186 0.0
-483.740257 -741.07027 0.0
-349.848965 -731.718777 0.0
-296.61039 -730.77362 0.0
-185.275178 -733.953795 0.0
189.373645 -741.059151 0.0
194.053837 -712.604369 0.0
527.625915 -724.902528 0.0
632.7291 -729.857487 0.0
726.239484 -730.795859 0.0
941.750658 -729.405922 0.0
1110.915702 -709.73554 0.0
1196.804453 -715.995814 0.0
1254.245196 -734.632084 0.0
1395.31797 -812.946671 0.0
1491.323051 -834.774235 0.0
1546.306971 -838.38807 0.0
1612.563373 -827.802313 0.0
1645.537763 -818.993982 0.0
1645.537763 -855.758313 0.0
1480.673113 -918.693046 0.0
1383.067206 -976.570005 0.0
1336.220818 -993.705143 0.0
1275.100399 -907.517956 0.0
1119.019883 -975.81388 0.0
1188.522403 -1084.840505 0.0
1356.887034 -1348.883978 0.0
1458.311527 -1507.969038 0.0
1499.702475 -1507.969038 0.0
1623.024325 -1431.613003 0.0
1514.145936 -1254.746353 0.0
1594.394355 -1203.774784 0.0
1459.106432 -990.780717 0.0
1594.909821 -1204.586322 0.0
1645.537763 -1171.62936 0.0
1645.537763 -1284.365673 0.0
1594.394355 -1203.774784 0.0
1514.145936 -1254.746353 0.0
1336.520972 -994.205521 0.0
1244.854107 -1050.081769 0.0
1188.522403 -1084.840505 0.0
1146.80088 -1116.175236 0.0
1184.79826 -1177.465879 0.0
1197.304711 -1169.904624 0.0
1184.79826 -1177.465879 0.0
1248.453319 -1287.170794 0.0
1305.76066 -1377.260923 0.0
1390.587953 -1507.969038 0.0
1329.248086 -1507.969038 0.0
1265.395392 -1403.63636 0.0
1150.447206 -1220.709586 0.0
1099.387533 -1163.266287 0.0
1146.80088 -1116.175236 0.0
1099.387533 -1163.266287 0.0
1068.482701 -1135.912335 0.0
1034.365101 -1100.30772 0.0
915.80394 -959.790691 0.0
862.487547 -895.864727 0.0
698.469603 -888.225636 0.0
633.558339 -882.888279 0.0
443.782663 -876.694722 0.0
404.562431 -1005.903227 0.0
383.095801 -1122.413271 0.0
366.264897 -1212.647954 0.0
358.338586 -1267.911832 0.0
348.844799 -1301.437103 0.0
341.096358 -1315.859085 0.0
285.945685 -1420.28224 0.0
252.717433 -1499.675418 0.0
244.757771 -1488.578164 0.0
213.397149 -1447.702909 0.0
199.434343 -1434.077417 0.0
179.743859 -1417.199435 0.0
150.364633 -1393.11732 0.0
134.345258 -1381.842154 0.0
103.129155 -1359.870037 0.0
80.367413 -1344.625212 0.0
71.990869 -1339.510246 0.0
-47.826496 -1266.410701 0.0
-65.228394 -1254.163085 0.0
-87.202364 -1238.289504 0.0
-97.763368 -1229.482866 0.0
-214.657002 -1125.526729 0.0
-234.75626 -1112.694834 0.0
-188.676933 -1063.391004 0.0
-101.354109 -1140.816031 0.0
-94.528365 -1143.184483 0.0
-40.055821 -1147.565563 0.0
36.694883 -1155.74951 0.0
95.60305 -1166.357506 0.0
101.17259 -1136.757417 0.0
130.387661 -1081.337865 0.0
148.96391 -1009.750571 0.0
143.99468 -900.868499 0.0
133.600429 -811.745765 0.0
68.566881 -812.51301 0.0
31.236512 -796.022803 0.0
-140.974548 -790.207308 0.0
-144.109498 -877.806671 0.0
-141.408105 -892.039622 0.0
-134.148804 -903.281429 0.0
-24.136497 -993.638426 0.0
-19.456305 -1005.647479 0.0
-21.62409 -1031.778286 0.0
-43.201888 -1103.765882 0.0
-40.055821 -1147.565563 0.0
-49.29392 -1236.599341 0.0
-97.763368 -1229.482866 0.0
-104.902562 -1238.294942 0.0
-54.318734 -1279.275954 0.0
-37.065389 -1292.252402 0.0
60.272201 -1357.599998 0.0
91.545401 -1378.595262 0.0
174.221384 -1440.986736 0.0
209.484019 -1478.826369 0.0
235.222806 -1507.969038 0.0
238.186996 -1507.969038 0.0
244.757771 -1488.578164 0.0
259.38754 -1453.346052 0.0
274.01731 -1418.113939 0.0
328.356452 -1311.989501 0.0
340.184776 -1282.367173 0.0
368.944057 -1120.078178 0.0
394.212647 -999.153695 0.0
419.970379 -914.389802 0.0
425.350933 -893.262766 0.0
431.998807 -884.478367 0.0
443.782663 -876.694722 0.0
449.696825 -857.713748 0.0
504.269422 -766.611745 0.0
505.514508 -749.231978 0.0
501.59582 -731.173922 0.0
487.060544 -698.860676 0.0
469.729381 -679.312608 0.0
372.801602 -677.778118 0.0
323.298287 -662.566652 0.0
309.435581 -662.422098 0.0
288.269106 -675.242873 0.0
277.296779 -710.141401 0.0
275.651486 -747.819802 0.0
281.865803 -762.375218 0.0
295.217135 -780.110809 0.0
398.959541 -852.276316 0.0
419.058798 -861.939155 0.0
425.584386 -863.295733 0.0
432.176676 -863.429167 0.0
449.696825 -857.713748 0.0
475.876997 -815.281764 0.0
494.86457 -810.711653 0.0
639.428034 -815.782141 0.0
801.656166 -820.496806 0.0
862.487547 -895.864727 0.0
919.405798 -832.917279 0.0
973.233566 -804.384661 0.0
889.179094 -703.719894 0.0
754.176117 -705.287743 0.0
727.651323 -694.968853 0.0
713.043787 -685.272656 0.0
684.068835 -654.614729 0.0
638.250402 -606.13499 0.0
577.429384 -544.433162 0.0
564.822881 -532.568663 0.0
552.627701 -531.423355 0.0
548.747922 -534.992712 0.0
536.297055 -564.064626 0.0
518.487868 -594.181772 0.0
503.869215 -612.517815 0.0
497.310276 -631.609984 0.0
546.624604 -632.310512 0.0
546.424501 -613.018193 0.0
537.542141 -612.918117 0.0
518.487868 -594.181772 0.0
536.297055 -564.064626 0.0
548.747922 -534.992712 0.0
552.627701 -531.423355 0.0
564.822881 -532.568663 0.0
577.429384 -544.433162 0.0
568.580375 -553.929209 0.0
569.747644 -563.580928 0.0
583.765987 -577.891715 0.0
603.909711 -590.534578 0.0
620.462695 -604.445064 0.0
654.124504 -645.920771 0.0
666.508671 -654.671812 0.0
726.239484 -730.795859 0.0
801.656166 -820.496806 0.0
862.487547 -895.864727 0.0
921.873738 -967.062839 0.0
856.840189 -1019.680278 0.0
827.680702 -1029.554388 0.0
786.792943 -1037.304674 0.0
802.289826 -1117.876518 0.0
860.408697 -1108.736295 0.0
1050.273308 -1131.775884 0.0
1058.327462 -1161.737357 0.0
1062.562981 -1196.363457 0.0
1061.990463 -1236.560423 0.0
1067.526652 -1264.197922 0.0
1072.973907 -1270.980812 0.0
1187.021629 -1451.250028 0.0
1225.263579 -1429.133357 0.0
1167.589382 -1342.757138 0.0
1225.263579 -1429.133357 0.0
1265.395392 -1403.63636 0.0
1305.76066 -1377.260923 0.0
1356.887034 -1348.883978 0.0
1514.145936 -1254.746353 0.0
1403.922409 -1320.206806 0.0
1513.550773 -1498.80922 0.0
1403.922409 -1320.206806 0.0
1305.76066 -1377.260923 0.0
1264.978689 -1402.975489 0.0
1225.263579 -1429.133357 0.0
1187.021629 -1451.250028 0.0
1131.481867 -1484.875373 0.0
1088.67759 -1507.969038 0.0
1076.91483 -1507.969038 0.0
1058.89998 -1451.794883 0.0
1047.049422 -1384.410757 0.0
1048.995479 -1355.627792 0.0
1052.001977 -1334.923455 0.0
1054.242022 -1325.555282 0.0
1090.783094 -1299.335519 0.0
1072.973907 -1270.980812 0.0
1067.526652 -1264.197922 0.0
1049.684115 -1255.213372 0.0
1034.776424 -1251.343788 0.0
1014.332545 -1253.400895 0.0
986.229158 -1284.579952 0.0
975.234598 -1297.884425 0.0
978.414016 -1303.527567 0.0
987.229675 -1320.073373 0.0
1005.550237 -1367.331216 0.0
1007.640204 -1391.782981 0.0
1005.550237 -1367.331216 0.0
987.229675 -1320.073373 0.0
982.894105 -1330.069796 0.0
994.522325 -1363.7563 0.0
997.801795 -1372.401705 0.0
997.201485 -1395.063231 0.0
991.543011 -1415.044959 0.0
991.543011 -1424.88571 0.0
997.801795 -1433.825783 0.0
1013.598833 -1504.790385 0.0
1011.089967 -1507.969038 0.0
995.644804 -1507.969038 0.0
953.667917 -1473.489013 0.0
978.445652 -1442.217898 0.0
984.750618 -1447.213652 0.0
989.152889 -1464.237595 0.0
991.787581 -1478.170319 0.0
994.61126 -1480.805639 0.0
981.99364 -1496.150539 0.0
991.376258 -1504.378963 0.0
1009.074277 -1481.094746 0.0
997.801795 -1433.825783 0.0
991.543011 -1424.88571 0.0
991.543011 -1415.044959 0.0
997.201485 -1395.063231 0.0
997.801795 -1372.401705 0.0
994.522325 -1363.7563 0.0
982.894105 -1330.069796 0.0
987.229675 -1320.073373 0.0
978.414016 -1303.527567 0.0
975.234598 -1297.884425 0.0
861.109058 -1439.874787 0.0
834.050655 -1476.413439 0.0
825.657436 -1485.253436 0.0
817.986813 -1487.78868 0.0
811.883664 -1485.698216 0.0
804.746649 -1480.194067 0.0
801.867386 -1473.700283 0.0
787.571122 -1400.55626 0.0
781.41239 -1397.231532 0.0
786.348269 -1390.181774 0.0
749.284705 -1195.579533 0.0
813.351088 -1182.680921 0.0
861.109058 -1439.874787 0.0
851.581921 -1387.268467 0.0
950.477382 -1260.450653 0.0
965.107151 -1242.937452 0.0
976.090595 -1225.435371 0.0
978.969858 -1193.077647 0.0
1015.622099 -1196.035432 0.0
1032.063914 -1199.271204 0.0
1057.310271 -1205.709391 0.0
1099.387533 -1163.266287 0.0
1034.365101 -1100.30772 0.0
1048.78365 -1087.064404 0.0
1043.414214 -1065.292437 0.0
1043.714369 -1052.471662 0.0
1047.293993 -1039.350661 0.0
1052.06312 -1032.501053 0.0
1063.091031 -1021.17029 0.0
1062.201683 -1014.309563 0.0
1057.621543 -1005.380611 0.0
1119.019883 -975.81388 0.0
1080.866867 -933.081669 0.0
1024.337706 -866.309116 0.0
990.086704 -896.965557 0.0
972.410919 -912.988746 0.0
916.02327 -960.053468 0.0
862.487547 -895.864727 0.0
919.405798 -832.917279 0.0
940.645408 -822.36386 0.0
938.315553 -831.994362 0.0
940.505571 -840.534132 0.0
990.086704 -896.965557 0.0
1024.337706 -866.309116 0.0
973.233566 -804.384661 0.0
991.698647 -792.664716 0.0
1004.216215 -788.483787 0.0
1020.02437 -789.084239 0.0
1045.815452 -802.460989 0.0
1068.771739 -812.045992 0.0
1093.506721 -815.37072 0.0
1094.907444 -792.775911 0.0
1081.011386 -766.211443 0.0
1048.216691 -738.479428 0.0
1040.757288 -735.199178 0.0
1027.339255 -734.609845 0.0
1013.320912 -736.989416 0.0
1004.972161 -739.680333 0.0
973.967277 -741.459452 0.0
965.918681 -742.960584 0.0
962.639211 -746.529941 0.0
962.700354 -759.161685 0.0
963.528559 -763.531645 0.0
970.387653 -772.771944 0.0
982.749586 -776.563691 0.0
1006.761973 -775.162635 0.0
1055.075785 -770.681479 0.0
1073.98554 -772.382761 0.0
1088.604192 -779.543715 0.0
1094.907444 -792.775911 0.0
1093.506721 -815.37072 0.0
1137.051407 -820.930466 0.0
1248.620072 -772.338283 0.0
1137.051407 -820.930466 0.0
1093.506721 -815.37072 0.0
1068.771739 -812.045992 0.0
1045.815452 -802.460989 0.0
1016.144591 -794.154728 0.0
1006.534077 -795.539105 0.0
1000.636591 -801.905014 0.0
998.713376 -809.744257 0.0
998.713376 -836.069281 0.0
1024.337706 -866.309116 0.0
915.80394 -959.790691 0.0
862.487547 -895.864727 0.0
698.469603 -888.225636 0.0
724.227334 -1035.803543 0.0
723.015598 -1046.233627 0.0
723.304636 -1056.574755 0.0
726.3267 -1073.884623 0.0
733.343148 -1114.073651 0.0
734.399248 -1119.488844 0.0
802.289826 -1117.876518 0.0
813.351088 -1182.680921 0.0
749.284705 -1195.579533 0.0
734.399248 -1119.488844 0.0
733.343148 -1114.073651 0.0
674.913006 -1123.224994 0.0
680.955012 -1156.144252 0.0
686.997018 -1189.06351 0.0
691.243653 -1232.663041 0.0
691.855079 -1277.107653 0.0
695.245717 -1295.944073 0.0
713.287971 -1347.876721 0.0
717.33489 -1359.525333 0.0
722.137367 -1382.020066 0.0
723.026715 -1407.016686 0.0
781.41239 -1397.231532 0.0
723.026715 -1407.016686 0.0
719.680544 -1465.861041 0.0
684.573545 -1470.686901 0.0
655.658629 -1469.8307 0.0
660.505574 -1381.897752 0.0
642.329531 -1336.652536 0.0
618.072573 -1290.184176 0.0
609.868341 -1251.499461 0.0
676.069158 -1234.286487 0.0
691.243653 -1232.663041 0.0
676.069158 -1234.286487 0.0
609.868341 -1251.499461 0.0
591.525545 -1258.015484 0.0
579.252547 -1202.262348 0.0
489.361731 -1095.181633 0.0
479.245402 -950.428078 0.0
438.813433 -890.393937 0.0
479.245402 -950.428078 0.0
489.361731 -1095.181633 0.0
538.153568 -1152.914039 0.0
565.412074 -1152.291348 0.0
583.488065 -1141.627754 0.0
674.913006 -1123.224994 0.0
658.460074 -1056.141095 0.0
655.825382 -1048.301852 0.0
632.969147 -960.446741 0.0
631.490606 -928.834023 0.0
633.558339 -882.888279 0.0
639.083412 -863.440287 0.0
641.584702 -849.640996 0.0
641.462417 -838.910686 0.0
639.428034 -815.782141 0.0
631.12375 -763.909708 0.0
632.7291 -729.857487 0.0
527.625915 -724.902528 0.0
504.269422 -766.611745 0.0
475.876997 -815.281764 0.0
449.696825 -857.713748 0.0
432.176676 -863.429167 0.0
425.584386 -863.295733 0.0
419.058798 -861.939155 0.0
398.959541 -852.276316 0.0
412.788897 -873.870371 0.0
418.780877 -897.755041 0.0
419.970379 -914.389802 0.0
394.212647 -999.153695 0.0
326.17755 -985.921499 0.0
271.393734 -977.11486 0.0
268.042005 -975.191188 0.0
271.393734 -973.289755 0.0
274.184062 -968.252625 0.0
273.094611 -961.78108 0.0
269.036963 -958.022691 0.0
261.07221 -958.022691 0.0
257.108587 -961.447495 0.0
255.991344 -968.285983 0.0
257.875649 -972.461353 0.0
262.644776 -975.513653 0.0
268.042005 -975.191188 0.0
271.393734 -977.11486 0.0
326.17755 -985.921499 0.0
328.211933 -967.563216 0.0
294.405605 -960.935999 0.0
274.217413 -944.857212 0.0
261.61091 -942.599955 0.0
246.491999 -948.671198 0.0
240.11093 -958.233962 0.0
234.774844 -982.852519 0.0
230.094651 -985.710228 0.0
165.37175 -985.710228 0.0
165.750347 -900.112374 0.0
165.894866 -885.356807 0.0
161.870568 -879.685866 0.0
155.155993 -875.960836 0.0
152.776988 -869.700561 0.0
149.052845 -834.66304 0.0
152.776988 -828.547319 0.0
245.5026 -827.057307 0.0
258.420375 -821.864504 0.0
276.073926 -808.721263 0.0
286.957318 -804.551454 0.0
297.985229 -806.186019 0.0
303.210147 -811.701287 0.0
305.233413 -820.074265 0.0
292.326755 -845.993803 0.0
292.771429 -857.624792 0.0
292.326755 -845.993803 0.0
305.233413 -820.074265 0.0
303.210147 -811.701287 0.0
297.985229 -806.186019 0.0
286.957318 -804.551454 0.0
276.073926 -808.721263 0.0
258.420375 -821.864504 0.0
245.5026 -827.057307 0.0
152.776988 -828.547319 0.0
149.052845 -834.66304 0.0
152.776988 -869.700561 0.0
155.155993 -875.960836 0.0
161.870568 -879.685866 0.0
165.894866 -885.356807 0.0
165.750347 -900.112374 0.0
165.750347 -985.566519 0.0
165.294557 -1003.579253 0.0
163.66038 -1014.765462 0.0
144.872911 -1077.079099 0.0
163.66038 -1014.765462 0.0
165.294557 -1003.579253 0.0
165.750347 -985.566519 0.0
165.750347 -900.112374 0.0
143.906494 -900.112374 0.0
148.96391 -1009.750571 0.0
130.387661 -1081.337865 0.0
107.209037 -1124.592692 0.0
204.147933 -1140.393491 0.0
209.650772 -1099.584953 0.0
201.524357 -1098.250613 0.0
209.650772 -1099.584953 0.0
204.147933 -1140.393491 0.0
107.209037 -1124.592692 0.0
101.17259 -1136.757417 0.0
95.60305 -1166.357506 0.0
93.5242 -1174.419138 0.0
185.571684 -1189.786277 0.0
200.479374 -1183.381449 0.0
245.213562 -1190.231057 0.0
254.896335 -1200.372034 0.0
277.263429 -1204.252737 0.0
272.872274 -1231.451016 0.0
252.005955 -1228.426514 0.0
238.743558 -1232.45177 0.0
193.031087 -1225.869031 0.0
181.491801 -1216.940078 0.0
125.663001 -1207.488509 0.0
128.030889 -1189.341497 0.0
124.095526 -1182.658682 0.0
92.490333 -1177.899539 0.0
71.379443 -1253.156266 0.0
133.366975 -1268.62348 0.0
176.87831 -1277.485716 0.0
296.829077 -1304.628397 0.0
309.024257 -1303.238461 0.0
327.100249 -1294.031521 0.0
340.184776 -1282.367173 0.0
328.356452 -1311.989501 0.0
296.829077 -1304.628397 0.0
176.87831 -1277.485716 0.0
159.447096 -1340.844585 0.0
155.291242 -1345.850446 0.0
134.345258 -1381.842154 0.0
103.129155 -1359.870037 0.0
80.367413 -1344.625212 0.0
71.990869 -1339.510246 0.0
76.326439 -1332.727355 0.0
83.341169 -1337.942397 0.0
84.975345 -1334.962373 0.0
103.651646 -1347.393966 0.0
140.437289 -1371.879089 0.0
134.345258 -1381.842154 0.0
150.364633 -1393.11732 0.0
179.743859 -1417.199435 0.0
199.434343 -1434.077417 0.0
213.397149 -1447.702909 0.0
224.491761 -1452.028392 0.0
237.754158 -1453.229297 0.0
252.661849 -1445.178785 0.0
274.01731 -1418.113939 0.0
328.356452 -1311.989501 0.0
341.096358 -1315.859085 0.0
401.038391 -1343.624458 0.0
387.809344 -1377.972571 0.0
361.295667 -1364.440148 0.0
297.707308 -1479.515778 0.0
320.573489 -1507.969038 0.0
321.599769 -1507.969038 0.0
343.675466 -1485.920606 0.0
351.246038 -1470.48675 0.0
387.809344 -1377.972571 0.0
401.038391 -1343.624458 0.0
425.206414 -1359.058314 0.0
448.707426 -1326.022301 0.0
456.867191 -1335.69626 0.0
494.408779 -1277.38564 0.0
526.680983 -1207.988887 0.0
527.559214 -1190.15322 0.0
538.28697 -1175.097427 0.0
548.4033 -1165.023167 0.0
579.252547 -1202.262348 0.0
591.525545 -1258.015484 0.0
568.947231 -1266.054877 0.0
558.653032 -1273.66061 0.0
546.713539 -1286.648178 0.0
522.217569 -1323.286906 0.0
477.833562 -1392.350075 0.0
471.007819 -1400.211556 0.0
464.982488 -1405.804661 0.0
456.444751 -1436.272071 0.0
519.476238 -1507.969038 0.0
533.54843 -1507.969038 0.0
543.589706 -1492.84805 0.0
546.924759 -1488.544806 0.0
507.182035 -1442.298836 0.0
491.507283 -1454.063259 0.0
461.413981 -1498.518991 0.0
453.676656 -1493.103798 0.0
456.444751 -1436.272071 0.0
464.982488 -1405.804661 0.0
471.007819 -1400.211556 0.0
443.849364 -1370.622586 0.0
437.930579 -1366.951148 0.0
444.683128 -1353.543045 0.0
456.867191 -1335.69626 0.0
494.408779 -1277.38564 0.0
526.680983 -1207.988887 0.0
527.559214 -1190.15322 0.0
540.671534 -1172.723416 0.0
548.967697 -1165.688778 0.0
579.252547 -1202.262348 0.0
603.409453 -1194.267433 0.0
593.415409 -1144.774571 0.0
594.171354 -1139.870874 0.0
553.572633 -946.636331 0.0
631.490606 -928.834023 0.0
571.315119 -942.588836 0.0
595.649895 -1058.631861 0.0
612.235252 -1135.994336 0.0
674.913006 -1123.224994 0.0
733.343148 -1114.073651 0.0
734.399248 -1119.488844 0.0
733.343148 -1114.073651 0.0
674.913006 -1123.224994 0.0
594.171354 -1139.870874 0.0
583.488065 -1141.627754 0.0
565.412074 -1152.291348 0.0
538.153568 -1152.914039 0.0
548.4033 -1165.023167 0.0
540.671534 -1172.723416 0.0
538.28697 -1175.097427 0.0
527.559214 -1190.15322 0.0
526.680983 -1207.988887 0.0
494.408779 -1277.38564 0.0
456.867191 -1335.69626 0.0
444.683128 -1353.543045 0.0
437.930579 -1366.951148 0.0
433.443996 -1375.859867 0.0
424.55052 -1404.425844 0.0
413.478141 -1444.389301 0.0
408.631196 -1485.131122 0.0
409.592997 -1507.969038 0.0
357.539239 -1507.969038 0.0
220.131389 -1507.969038 0.0
124.159132 -1427.344639 0.0
99.934743 -1406.994208 0.0
-216.635801 -1141.049541 0.0
-536.772883 -780.349035 0.0
-576.219695 -736.192778 0.0
-650.832845 -656.727425 0.0
-956.41506 -351.016728 0.0
-1087.678453 -219.698145 0.0
-1165.514182 -141.829691 0.0
-1331.110718 5.43687 0.0
-1347.652585 15.010753 0.0
-1373.754939 25.941214 0.0
-1403.470345 34.577074 0.0
-1427.938446 39.718266 0.0
-1590.666836 52.1165 0.0
-1645.537763 54.507548 0.0
-1645.537763 78.125368 0.0
-1510.458793 69.373953 0.0
-1466.158162 59.822309 0.0
-1403.470345 34.577074 0.0
-1385.051534 29.403898 0.0
-1427.593824 54.029053 0.0
-1454.696694 60.022459 0.0
-1472.739335 67.772746 0.0
-1482.722262 75.222806 0.0
-1493.461136 87.887908 0.0
-1490.815326 162.221717 0.0
-1492.442329 215.806373 0.0
-1496.518268 289.017291 0.0
-1505.900886 317.171847 0.0
-1510.103054 343.869749 0.0
-1513.704912 540.417901 0.0
-1511.726113 564.969741 0.0
-1493.3055 641.227222 0.0
-1501.476381 1046.499371 0.0
-1503.249518 1082.470929 0.0
-1500.442515 1103.197664 0.0
-1483.950674 1127.727265 0.0
-1445.591997 1172.627776 0.0
-1400.478553 1233.161616 0.0
-1319.404679 1342.922806 0.0
-1290.145141 1376.37024 0.0
-1275.41532 1398.753779 0.0
-1264.743148 1420.403431 0.0
-1261.975054 1438.939625 0.0
-1262.58648 1453.495041 0.0
-1273.61995 1477.351913 0.0
-1278.09448 1484.618501 0.0
-1299.306653 1507.969038 0.0
-1265.065537 1483.028414 0.0
-1246.189132 1464.04744 0.0
-1235.861583 1448.090968 0.0
-1233.682681 1437.905512 0.0
-1238.729729 1419.958651 0.0
-1261.10794 1395.573604 0.0
-1290.145141 1376.37024 0.0
-1319.404679 1342.922806 0.0
-1326.185955 1321.940323 0.0
-1327.831249 1313.711899 0.0
-1349.942655 1280.281144 0.0
-1372.054062 1250.141759 0.0
-1384.293709 1238.054871 0.0
-1409.339963 1230.482496 0.0
-1443.791068 1231.260861 0.0
-1442.923954 1224.2667 0.0
-1445.7921 1216.883357 0.0
-1457.676009 1199.637024 0.0
-1494.650638 1157.293996 0.0
-1514.327455 1126.882183 0.0
-1525.911209 1101.9634 0.0
-1528.829381 1083.316011 0.0
-1529.235146 1076.788869 0.0
-1535.638449 1059.498058 0.0
-1529.97145 727.057076 0.0
-1527.823306 601.041375 0.0
-1538.684465 600.440922 0.0
-1537.786233 565.738666 0.0
-1537.609269 558.901823 0.0
-1533.437313 346.949848 0.0
-1544.743447 346.926078 0.0
-1575.748029 346.860892 0.0
-1645.537763 346.860892 0.0
-1645.537763 336.41432 0.0
-1610.921729 337.909701 0.0
-1590.789121 335.2855 0.0
-1579.705626 336.275135 0.0
-1531.469632 338.14321 0.0
-1529.724287 320.196349 0.0
-1523.109764 319.629255 0.0
-1521.542288 289.69558 0.0
-1509.802899 245.66239 0.0
-1505.241154 182.29457 0.0
-1496.785072 100.953312 0.0
-1480.604503 78.102755 0.0
-1468.359298 68.751261 0.0
-1427.593824 54.029053 0.0
-1419.656396 52.416726 0.0
-1368.374386 32.590671 0.0
-1338.425603 20.259154 0.0
-1302.996215 2.379009 0.0
-1257.450497 -30.178865 0.0
-1200.387727 -79.771802 0.0
-1137.355211 -138.082422 0.0
-1069.261958 -210.757072 0.0
-1057.8094 -222.980172 0.0
-911.983394 -379.708997 0.0
-864.180957 -424.653987 0.0
-826.606529 -454.359131 0.0
-812.002611 -465.904524 0.0
-794.666228 -480.13159 0.0
-737.481798 -527.929339 0.0
-657.468793 -594.029008 0.0
-613.740653 -630.153331 0.0
-582.402264 -652.192165 0.0
-552.998207 -664.734953 0.0
-520.903873 -669.861039 0.0
-398.118585 -672.012291 0.0
-209.921226 -675.30959 0.0
106.486442 -689.77605 0.0
167.019904 -691.427671 0.0
487.060544 -698.860676 0.0
633.235951 -703.497504 0.0
707.229677 -705.832598 0.0
754.176117 -705.287743 0.0
889.179094 -703.719894 0.0
1023.415008 -686.28453 0.0
1125.68999 -677.72252 0.0
1186.943811 -687.329762 0.0
1240.938331 -707.578358 0.0
1251.388167 -717.563663 0.0
1317.700152 -744.161489 0.0
1392.494292 -786.048618 0.0
1425.422389 -800.537317 0.0
1472.969139 -813.102344 0.0
1513.089836 -816.91633 0.0
1608.083284 -805.340938 0.0
1645.537763 -795.522846 0.0
1645.537763 -704.424063 0.0
1576.478091 -739.124359 0.0
1575.433107 299.736482 0.0
1513.287426 299.736482 0.0
1463.253016 335.763639 0.0
1632.217956 530.777301 0.0
1533.978389 613.573043 0.0
917.426999 -75.991175 0.0
778.633178 63.158156 0.0
1039.000826 383.688652 0.0
928.844 503.890368 0.0
247.436931 -159.454087 0.0
-584.725685 -137.337416 0.0
-1445.947736 346.6941 0.0
-1490.260572 346.976235 0.0
-1492.880037 435.219142 0.0
-1494.550586 503.601261 0.0
-1489.384651 563.660058 0.0
-1479.9097 609.380995 0.0
-1474.879328 625.765567 0.0
-1458.674655 670.499148 0.0
-774.479128 284.780765 0.0
-579.24508 269.75833 0.0
-148.289432 254.735896 0.0
-131.958786 259.962057 0.0
135.279032 516.811178 0.0
422.404968 782.455898 0.0
565.400957 920.915821 0.0
556.26291 939.196266 0.0
392.367251 1014.308439 0.0
344.042322 1040.428128 0.0
314.660498 1028.018774 0.0
302.909992 1018.222501 0.0
273.528168 1030.631855 0.0
260.465874 1011.695359 0.0
238.265533 1029.330874 0.0
-4.526381 1150.6223 0.0
-56.675505 1174.74048 0.0
-92.983124 1194.977956 0.0
-110.280936 1243.759171 0.0
-116.29515 1269.022658 0.0
-354.62365 1193.259995 0.0
-686.978434 1085.495431 0.0
-684.577195 1077.500516 0.0
-636.052162 1059.375743 0.0
-637.352833 1048.92342 0.0
-648.269576 1052.059117 0.0
-651.537929 1042.262844 0.0
-628.681694 1031.788282 0.0
-619.643698 1002.0214 0.0
-679.34116 983.507445 0.0
-688.790745 1014.106779 0.0
-692.31452 1013.018578 0.0
-683.365459 982.262062 0.0
-691.414055 979.771295 0.0
-699.985143 1010.828038 0.0
-704.687569 1009.571536 0.0
-696.149831 978.303522 0.0
-704.698686 975.645963 0.0
-722.296653 1035.324281 0.0
-727.399285 1033.667476 0.0
-736.292762 1061.588522 0.0
-741.273109 1059.720447 0.0
-726.698924 1012.951861 0.0
-738.66065 1011.506327 0.0
-744.252424 1023.748889 0.0
-754.913479 1021.52499 0.0
-764.351681 1052.42606 0.0
-779.448358 1048.200653 0.0
-778.092102 1060.53217 0.0
-818.24615 1060.065152 0.0
-820.903076 1104.142821 0.0
-779.715162 1111.036906 0.0
-780.960249 1116.985835 0.0
-827.851105 1108.9798 0.0
-825.29423 1059.909479 0.0
-877.710158 1059.297907 0.0
-877.721275 1065.035565 0.0
-860.890371 1065.046684 0.0
-860.879254 1074.13131 0.0
-883.468685 1073.92004 0.0
-903.945915 1066.125275 0.0
-903.312255 1049.512753 0.0
-913.250715 1059.753806 0.0
-970.102265 1037.614896 0.0
-962.531693 1014.308439 0.0
-1014.113858 982.96259 0.0
-1057.202752 967.373061 0.0
-1159.377683 950.160086 0.0
-1191.916691 944.711535 0.0
-1208.897673 937.328192 0.0
-1276.86051 899.321766 0.0
-1369.297084 828.573994 0.0
-1420.334523 774.055121 0.0
-1450.383358 727.336573 0.0
-1472.05009 677.810352 0.0
-1458.674655 670.499148 0.0
-1474.879328 625.765567 0.0
-1479.9097 609.380995 0.0
-1489.384651 563.660058 0.0
-1494.550586 503.601261 0.0
-1492.880037 435.219142 0.0
-1490.260572 346.976235 0.0
-1510.153301 346.611689 0.0
-1524.630223 346.969381 0.0
-1528.740446 563.396333 0.0
-1528.112344 570.69628 0.0
-1514.116235 628.717792 0.0
-1524.888459 1037.570418 0.0
-1521.720158 1060.009554 0.0
-1521.709041 1083.649596 0.0
-1511.514893 1108.612857 0.0
-1452.462208 1178.287598 0.0
-1413.855965 1230.584528 0.0
-1286.243128 1403.423966 0.0
-1273.625508 1429.176711 0.0
-1275.087373 1456.992122 0.0
-1281.979818 1473.526807 0.0
-1293.257858 1488.499204 0.0
-1312.1335 1507.969038 0.0
-1645.537763 1507.969038 0.0
-1645.537763 1181.061752 0.0
-1623.717219 1188.3285 0.0
-1611.555389 1197.068421 0.0
-1570.789916 1207.187159 0.0
-1560.184445 1214.553823 0.0
-1544.309589 1230.087754 0.0
-1536.572264 1249.25776 0.0
-1527.117386 1267.67164 0.0
-1509.858483 1275.149498 0.0
-1508.057554 1276.750705 0.0
-1508.780149 1318.860224 0.0
-1508.780149 1326.611759 0.0
-1506.123223 1346.369849 0.0
-1512.393124 1360.947504 0.0
-1529.735404 1372.144833 0.0
-1548.089316 1391.837454 0.0
-1566.454346 1392.360071 0.0
-1599.749299 1385.35479 0.0
-1618.581236 1391.303719 0.0
-1625.162409 1362.904534 0.0
-1602.70638 1355.521191 0.0
-1574.236138 1345.491409 0.0
-1574.892032 1335.906406 0.0
-1571.86825 1329.368145 0.0
-1559.339564 1318.337608 0.0
-1556.137913 1305.472355 0.0
-1546.66636 1302.848155 0.0
-1545.365689 1290.394323 0.0
-1552.697201 1281.262615 0.0
-1555.081812 1278.574302 0.0
-1552.697201 1281.262615 0.0
-1530.922119 1264.343617 0.0
-1534.104324 1260.260498 0.0
-1536.572264 1249.25776 0.0
-1544.309589 1230.087754 0.0
-1560.184445 1214.553823 0.0
-1570.789916 1207.187159 0.0
-1611.555389 1197.068421 0.0
-1623.717219 1188.3285 0.0
-1645.537763 1181.061752 0.0
-1645.537763 1001.021051 0.0
-1622.505483 1007.203084 0.0
-1609.08745 1028.224484 0.0
-1608.48714 1030.465062 0.0
-1583.151848 1029.564383 0.0
-1581.061881 1025.238901 0.0
-1578.971914 1020.913418 0.0
-1579.572224 990.501606 0.0
-1584.674856 964.97125 0.0
-1578.004749 941.264492 0.0
-1564.431033 819.765631 0.0
-1555.593187 740.657725 0.0
-1554.49345 684.325127 0.0
-1552.22755 568.25734 0.0
-1550.813928 495.846387 0.0
-1548.445055 374.503951 0.0
-1544.743447 346.926078 0.0
-1544.454108 344.770428 0.0
-1531.903189 342.568768 0.0
-1529.724287 320.196349 0.0
-1523.109764 319.629255 0.0
-1521.542288 289.69558 0.0
-1522.209299 253.490512 0.0
-1525.728527 215.311334 0.0
-1527.267464 198.615816 0.0
-1528.923874 180.702313 0.0
-1518.296169 119.222638 0.0
-1520.463954 90.356435 0.0
-1524.043579 70.385827 0.0
-1521.339307 52.467822 0.0
-1516.195085 42.798365 0.0
-1510.380975 38.028103 0.0
-1484.09799 31.977167 0.0
-1454.396539 25.874497 0.0
-1416.599263 20.514902 0.0
-1383.282076 12.909169 0.0
-1347.496949 -4.237089 0.0
-1327.649556 -17.899361 0.0
-1289.990295 -54.836402 0.0
-1266.844232 -79.671727 0.0
-1260.37957 -88.315752 0.0
-1256.338813 -101.354738 0.0
-1256.727902 -114.89828 0.0
-1260.029606 -124.171937 0.0
-1274.329452 -144.916915 0.0
-1303.818861 -187.697598 0.0
-1329.454308 -234.632977 0.0
-1354.889652 -286.227423 0.0
-1369.074747 -327.514099 0.0
-1374.188496 -368.367115 0.0
-1371.431518 -395.932337 0.0
-1363.860946 -444.046382 0.0
-1362.971598 -484.032078 0.0
-1362.971598 -489.697657 0.0
-1371.620505 -536.860787 0.0
-1381.659016 -561.112401 0.0
-1396.889095 -582.17272 0.0
-1415.532046 -607.947704 0.0
-1457.175751 -640.049679 0.0
-1510.348204 -703.53247 0.0
-1558.550515 -765.325347 0.0
-1568.911169 -778.921023 0.0
-1601.094437 -844.503791 0.0
-1622.105276 -936.895655 0.0
-1619.148195 -986.76658 0.0
-1588.1903 -1124.959486 0.0
-1566.420995 -1211.825111 0.0
-1539.996252 -1337.66441 0.0
-1536.903895 -1370.154239 0.0
-1534.485218 -1391.500365 0.0
-1534.485218 -1401.506984 0.0
-1529.393019 -1439.23686 0.0
-1531.64745 -1507.969038 0.0
-1509.49268 -1507.969038 0.0
-1507.590647 -1436.29431 0.0
-1511.790695 -1395.728773 0.0
-1511.790695 -1385.021888 0.0
-1515.594776 -1361.916023 0.0
-1517.673626 -1344.080357 0.0
-1522.075897 -1322.052642 0.0
-1385.572146 -1262.541118 0.0
-1335.290652 -1243.782533 0.0
-1273.935826 -1215.330394 0.0
-1152.540823 -1153.714643 0.0
-1084.473145 -1105.452533 0.0
-956.528596 -1002.500662 0.0
-935.17112 -984.723618 0.0
-812.0763 -879.052055 0.0
-740.397112 -814.662282 0.0
-676.106307 -757.574919 0.0
-655.050755 -740.856951 0.0
-612.97359 -710.447187 0.0
-588.518393 -698.720856 0.0
-572.252584 -690.921358 0.0
-526.717983 -677.50013 0.0
-478.1596 -672.752107 0.0
-368.436331 -674.386673 0.0
280.682653 -696.614505 0.0
277.261053 -710.369759 0.0
-40.856233 -698.56045 0.0
-476.903397 -684.016153 0.0
-524.805886 -689.898365 0.0
-574.490558 -707.323785 0.0
-606.3146 -722.022579 0.0
-669.477265 -768.49733 0.0
-923.334541 -998.944174 0.0
-1197.386179 -1228.993608 0.0
-1235.528077 -1266.099355 0.0
-1366.340003 -1367.486889 0.0
-1461.844826 -1417.936028 0.0
-1507.590647 -1436.29431 0.0
-1529.393019 -1439.23686 0.0
-1645.537763 -1439.23686 0.0
-1645.537763 -1394.379353 0.0
-1627.419129 -1393.039483 0.0
-1549.389987 -1374.981427 0.0
-1452.829064 -1334.606549 0.0
-1387.650996 -1306.073931 0.0
-1323.747811 -1273.373022 0.0
-1267.922566 -1250.109525 0.0
-1218.052395 -1239.579365 0.0
-1169.816826 -1239.579365 0.0
-1139.934319 -1244.483061 0.0
-1082.015552 -1265.387708 0.0
-1050.065737 -1283.056581 0.0
-1014.091624 -1311.889426 0.0
-933.574547 -1420.239432 0.0
-848.717424 -1369.154813 0.0
-831.364028 -1359.225106 0.0
-834.954769 -1352.442216 0.0
-837.817357 -1353.821033 0.0
-843.670376 -1358.557937 0.0
-851.891037 -1362.447739 0.0
-878.477221 -1374.948069 0.0
-881.034095 -1370.355718 0.0
-873.163369 -1359.647647 0.0
-873.163369 -1355.574306 0.0
-858.466898 -1348.550393 0.0
-851.891037 -1362.447739 0.0
-843.670376 -1358.557937 0.0
-857.566434 -1330.192111 0.0
-864.703449 -1334.195128 0.0
-857.566434 -1330.192111 0.0
-844.11149 -1358.765652 0.0
-837.817357 -1353.821033 0.0
-834.954769 -1352.442216 0.0
-894.448144 -1240.036969 0.0
-908.209225 -1216.272909 0.0
-923.044656 -1203.652284 0.0
-974.326666 -1192.466075 0.0
-1053.489726 -1234.064097 0.0
-974.326666 -1192.466075 0.0
-923.044656 -1203.652284 0.0
-908.209225 -1216.272909 0.0
-894.448144 -1240.036969 0.0
-834.954769 -1352.442216 0.0
-829.985539 -1350.607499 0.0
-821.336633 -1320.35136 0.0
-781.560558 -1301.003443 0.0
-821.336633 -1320.35136 0.0
-829.985539 -1350.607499 0.0
-834.625662 -1353.063898 0.0
-831.364028 -1359.225106 0.0
-784.784444 -1339.1989 0.0
-709.212125 -1317.449172 0.0
-655.840148 -1290.673434 0.0
-561.647113 -1242.892974 0.0
-471.561752 -1196.630325 0.0
-459.227612 -1188.162831 0.0
-439.61154 -1169.589138 0.0
-421.552621 -1152.430341 0.0
-417.672842 -1149.600431 0.0
-373.261042 -1117.17599 0.0
-355.062766 -1107.924572 0.0
-332.423309 -1099.946336 0.0
-316.420609 -1096.638287 0.0
-301.090479 -1096.082312 0.0
-272.635981 -1099.17681 0.0
-261.092067 -1102.142436 0.0
-243.321789 -1108.741855 0.0
-234.75626 -1112.694834 0.0
-214.657002 -1125.526729 0.0
-97.763368 -1229.482866 0.0
-104.902562 -1238.294942 0.0
-54.318734 -1279.275954 0.0
-66.013656 -1313.724142 0.0
-67.803468 -1323.931837 0.0
-70.549329 -1339.588082 0.0
-70.427044 -1370.989529 0.0
-83.278117 -1382.020066 0.0
-84.767775 -1394.801923 0.0
-82.133082 -1401.579254 0.0
-94.895221 -1409.440735 0.0
-112.337553 -1423.829359 0.0
-122.476116 -1433.147493 0.0
-146.60523 -1448.620268 0.0
-152.041116 -1452.732681 0.0
-169.889464 -1456.998805 0.0
-191.500612 -1456.843132 0.0
-204.774126 -1452.673323 0.0
-214.034459 -1445.123187 0.0
-242.727038 -1408.768006 0.0
-271.419617 -1372.412825 0.0
-297.043947 -1349.92921 0.0
-327.793143 -1322.942202 0.0
-338.398614 -1327.267684 0.0
-350.916182 -1329.057923 0.0
-402.798502 -1322.497422 0.0
-421.732653 -1310.70781 0.0
-450.07 -1355.258958 0.0
-474.946832 -1390.081698 0.0
-472.267672 -1396.642199 0.0
-472.66232 -1403.42509 0.0
-477.092383 -1411.887024 0.0
-480.31071 -1413.649463 0.0
-483.12714 -1415.912154 0.0
-414.495646 -1507.969038 0.0
-802.089931 -1507.969038 0.0
-806.073204 -1501.765883 0.0
-809.041401 -1501.765883 0.0
-814.099566 -1498.841456 0.0
-815.811561 -1494.388099 0.0
-815.644808 -1491.068931 0.0
-814.371929 -1488.444731 0.0
-811.053551 -1485.575901 0.0
-808.174287 -1484.853134 0.0
-803.594147 -1485.809411 0.0
-800.453638 -1488.872831 0.0
-799.03624 -1493.014842 0.0
-799.42533 -1495.950388 0.0
-802.048905 -1499.664299 0.0
-806.073204 -1501.765883 0.0
-809.041401 -1501.765883 0.0
-814.099566 -1498.841456 0.0
-815.811561 -1494.388099 0.0
-815.644808 -1491.068931 0.0
-814.371929 -1488.444731 0.0
-813.499257 -1487.243825 0.0
-850.296017 -1440.397403 0.0
-850.273783 -1431.24606 0.0
-843.114534 -1418.703273 0.0
-834.743549 -1412.298445 0.0
-809.341556 -1404.559278 0.0
-792.366133 -1393.495383 0.0
-781.038067 -1378.584143 0.0
-784.528756 -1349.339877 0.0
-765.796871 -1342.223402 0.0
-724.575606 -1333.027582 0.0
-622.745298 -1290.929182 0.0
-596.909748 -1340.399805 0.0
-583.069275 -1358.468981 0.0
-567.294471 -1373.913956 0.0
-540.347236 -1391.883056 0.0
-503.005751 -1405.704586 0.0
-500.226539 -1410.341414 0.0
-495.879853 -1413.921891 0.0
-489.454316 -1415.945638 0.0
-483.529037 -1415.411903 0.0
-480.31071 -1413.649463 0.0
-477.092383 -1411.887024 0.0
-472.66232 -1403.42509 0.0
-472.267672 -1396.642199 0.0
-474.946832 -1390.081698 0.0
-479.916062 -1385.995285 0.0
-485.869133 -1384.13277 0.0
-489.387615 -1383.676871 0.0
-494.823752 -1385.155763 0.0
-499.881917 -1388.891913 0.0
-502.894582 -1393.651056 0.0
-504.117435 -1399.47767 0.0
-503.005751 -1405.704586 0.0
-540.347236 -1391.883056 0.0
-567.294471 -1373.913956 0.0
-583.069275 -1358.468981 0.0
-596.909748 -1340.399805 0.0
-622.745298 -1290.929182 0.0
-485.930276 -1218.496807 0.0
-473.073643 -1211.686118 0.0
-452.657556 -1198.148136 0.0
-425.511961 -1175.260216 0.0
-414.715761 -1166.157355 0.0
-406.989553 -1160.108351 0.0
-367.169011 -1128.951533 0.0
-340.24401 -1116.314229 0.0
-322.935081 -1110.682206 0.0
-295.55429 -1109.119917 0.0
-289.039818 -1109.258911 0.0
-272.887041 -1111.727439 0.0
-256.856549 -1116.175236 0.0
-241.259614 -1123.047082 0.0
-221.568809 -1135.36447 0.0
-150.294327 -1196.781704 0.0
-150.901891 -1197.770073 0.0
-160.962636 -1220.609511 0.0
-157.271844 -1258.404666 0.0
-141.263586 -1281.377538 0.0
-114.872193 -1307.019088 0.0
-94.150393 -1318.494405 0.0
-67.803468 -1323.931837 0.0
-66.013656 -1313.724142 0.0
-54.318734 -1279.275954 0.0
-37.065389 -1292.252402 0.0
-41.412076 -1298.857381 0.0
-52.540039 -1315.781248 0.0
-52.540039 -1323.531535 0.0
-48.371221 -1332.471607 0.0
-33.808153 -1341.756383 0.0
-27.282565 -1345.937313 0.0
57.78354 -1400.456185 0.0
67.922104 -1404.637114 0.0
74.481043 -1402.846876 0.0
91.545401 -1378.595262 0.0
103.129155 -1359.870037 0.0
80.367413 -1344.625212 0.0
72.09944 -1339.34039 0.0
60.272201 -1357.599998 0.0
54.279759 -1367.13582 0.0
61.385398 -1371.601102 0.0
59.628937 -1374.025151 0.0
52.402987 -1369.032499 0.0
51.057848 -1371.42319 0.0
47.778379 -1366.953154 0.0
16.773496 -1346.826872 0.0
-13.186404 -1323.542654 0.0
-24.525587 -1325.355132 0.0
-31.084526 -1335.496109 0.0
-41.223089 -1328.935608 0.0
-47.392939 -1322.286152 0.0
-46.61476 -1316.281626 0.0
-35.975938 -1302.549052 0.0
-41.412076 -1298.857381 0.0
-37.065389 -1292.252402 0.0
-54.318734 -1279.275954 0.0
-47.826496 -1266.410701 0.0
-41.723347 -1252.522455 0.0
-38.099256 -1246.784796 0.0
-31.31798 -1242.581628 0.0
-1.613767 -1241.758786 0.0
71.379443 -1253.156266 0.0
92.490333 -1177.899539 0.0
94.563625 -1170.388322 0.0
95.29933 -1166.302813 0.0
101.17259 -1136.757417 0.0
107.209037 -1124.592692 0.0
130.387661 -1081.337865 0.0
148.96391 -1009.750571 0.0
143.906494 -900.112374 0.0
133.600429 -811.745765 0.0
236.253384 -813.547123 0.0
251.450112 -810.511502 0.0
265.123833 -799.514323 0.0
280.865287 -783.357701 0.0
295.217135 -780.110809 0.0
281.865803 -762.375218 0.0
275.651486 -747.819802 0.0
269.370468 -738.87973 0.0
263.239527 -733.008638 0.0
257.108587 -727.137546 0.0
240.633421 -717.786052 0.0
233.085083 -713.960947 0.0
194.053837 -712.604369 0.0
-55.738944 -703.589466 0.0
-242.693687 -700.172776 0.0
-340.988839 -705.810359 0.0
-470.255523 -721.055183 0.0
-508.686459 -724.290956 0.0
-537.779245 -728.293973 0.0
-566.872031 -732.29699 0.0
-576.219695 -736.192778 0.0
-604.282196 -747.888271 0.0
-610.627936 -750.532958 0.0
-646.324128 -773.272321 0.0
-923.334541 -998.944174 0.0
-901.128591 -1025.622572 0.0
-888.13776 -1041.229855 0.0
-872.018333 -1056.619233 0.0
-855.576518 -1069.262096 0.0
-830.596966 -1078.969413 0.0
-756.03628 -1091.512201 0.0
-686.052836 -1103.2887 0.0
-648.191758 -1110.459816 0.0
-555.677367 -1129.129445 0.0
-528.796833 -1133.38821 0.0
-485.974743 -1135.256285 0.0
-452.968828 -1136.724058 0.0
-425.4324 -1155.260252 0.0
-414.715761 -1166.157355 0.0
-406.989553 -1160.108351 0.0
-417.672842 -1149.600431 0.0
-435.960053 -1137.76929 0.0
-452.568621 -1129.474149 0.0
-469.388409 -1127.205772 0.0
-487.64227 -1128.595709 0.0
-528.274342 -1128.417797 0.0
-554.788019 -1124.214629 0.0
-646.679867 -1105.422686 0.0
-829.262944 -1074.132434 0.0
-853.097462 -1064.869896 0.0
-868.761098 -1052.827486 0.0
-884.480318 -1037.816171 0.0
-894.628419 -1025.622572 0.0
-941.865476 -968.864197 0.0
-956.934361 -952.601939 0.0
-967.891519 -940.777033 0.0
-972.003245 -936.339681 0.0
-976.172063 -928.322527 0.0
-978.673353 -916.84721 0.0
-975.027027 -891.239018 0.0
-958.273941 -824.833408 0.0
-950.625551 -784.825474 0.0
-961.286606 -753.56858 0.0
-1063.895093 -658.196691 0.0
-1135.898904 -596.805972 0.0
-1204.145221 -539.373793 0.0
-1257.150342 -510.262961 0.0
-1295.748031 -492.53849 0.0
-1347.14121 -484.86604 0.0
-1347.508066 -464.834274 0.0
-1347.874922 -444.802507 0.0
-1351.526806 -424.898616 0.0
-1355.762324 -387.687233 0.0
-1355.762324 -362.17692 0.0
-1353.533396 -330.849947 0.0
-1339.926377 -290.930968 0.0
-1325.991411 -265.834273 0.0
-1312.056444 -240.737578 0.0
-1288.121875 -196.737746 0.0
-1274.980968 -181.056843 0.0
-1253.793055 -155.773535 0.0
-1238.907598 -145.610318 0.0
-1227.673659 -142.044422 0.0
-1218.241437 -141.628753 0.0
-1209.548008 -142.185515 0.0
-1191.772172 -147.155928 0.0
-1102.086277 -234.217998 0.0
-982.530898 -350.2757 0.0
-1008.444266 -336.721039 0.0
-1147.327022 -219.076806 0.0
-1227.673659 -142.044422 0.0
-1233.093488 -136.848158 0.0
-1258.873454 -104.979692 0.0
-1279.239515 -76.191326 0.0
-1283.808539 -66.183782 0.0
-1271.50219 -96.840224 0.0
-1269.507387 -109.499921 0.0
-1269.507387 -130.738382 0.0
-1278.505803 -157.19683 0.0
-1294.454979 -189.610302 0.0
-1304.013069 -208.490693 0.0
-1335.902079 -265.011431 0.0
-1359.75883 -320.47546 0.0
-1363.938764 -357.447773 0.0
-1363.338454 -402.170373 0.0
-1356.779515 -430.202614 0.0
-1356.179206 -496.396953 0.0
-1363.560791 -536.560561 0.0
-1375.711504 -561.968602 0.0
-1396.889095 -582.17272 0.0
-1415.532046 -607.947704 0.0
-1457.175751 -640.049679 0.0
-1448.526844 -660.031408 0.0
-1509.569445 -726.61493 0.0
-1554.3481 -785.592719 0.0
-1588.298948 -849.140619 0.0
-1607.797896 -938.530221 0.0
-1562.341113 -933.971229 0.0
-1435.455351 -902.470696 0.0
-1387.46201 -893.474037 0.0
-1348.175077 -889.860201 0.0
-1279.806474 -887.669661 0.0
-1279.061646 -884.022468 0.0
-1275.654332 -879.691425 0.0
-1272.569408 -877.967904 0.0
-1270.946348 -877.40637 0.0
-1272.247019 -836.519995 0.0
-1371.798374 -840.178308 0.0
-1360.614827 -822.731824 0.0
-1313.501634 -820.719196 0.0
-1312.865468 -838.014083 0.0
-1272.247019 -836.519995 0.0
-1273.025198 -812.257262 0.0
-1274.148 -777.264219 0.0
-1281.296132 -772.716346 0.0
-1360.314672 -775.774207 0.0
-1361.507949 -740.663511 0.0
-1425.170351 -742.82715 0.0
-1410.862971 -723.7461 0.0
-1361.959966 -721.35541 0.0
-1361.726512 -729.194652 0.0
-1262.397494 -725.892163 0.0
-1261.030122 -752.445511 0.0
-1274.148 -777.264219 0.0
-1261.030122 -752.445511 0.0
-1262.397494 -725.892163 0.0
-1264.598629 -683.337864 0.0
-1252.081061 -656.506528 0.0
-1252.603552 -630.642588 0.0
-1240.45284 -630.542513 0.0
-1240.008166 -645.464872 0.0
-1213.916929 -645.242482 0.0
-1214.205967 -638.615265 0.0
-1224.500166 -630.409079 0.0
-1240.45284 -630.542513 0.0
-1252.603552 -630.642588 0.0
-1286.965723 -632.35499 0.0
-1323.473445 -633.555895 0.0
-1309.332817 -615.798066 0.0
-1287.710552 -614.83067 0.0
-1286.837564 -632.348604 0.0
-1252.603552 -630.642588 0.0
-1253.426199 -589.856289 0.0
-1206.980017 -543.510244 0.0
-1132.752837 -606.046271 0.0
-1166.081141 -652.714781 0.0
-1174.941267 -680.280004 0.0
-1181.833712 -718.364266 0.0
-1196.608 -760.384829 0.0
-1215.317651 -803.061442 0.0
-1220.575919 -843.113854 0.0
-1219.042381 -889.518921 0.0
-1185.291051 -888.403548 0.0
-1185.880243 -869.845115 0.0
-1134.898388 -867.165317 0.0
-1113.720797 -889.526617 0.0
-1081.526411 -887.513988 0.0
-1073.322179 -892.662314 0.0
-1072.679675 -906.950708 0.0
-1063.039096 -906.517201 0.0
-1063.039096 -892.575862 0.0
-1054.14562 -885.468002 0.0
-1049.443194 -885.468002 0.0
-1034.468802 -846.872243 0.0
-1023.941149 -840.656446 0.0
-1038.493101 -822.687346 0.0
-1047.575564 -813.669438 0.0
-1063.861743 -790.118352 0.0
-1051.988952 -768.424222 0.0
-1049.220857 -764.576878 0.0
-1045.6857 -762.947872 0.0
-1041.883739 -761.908199 0.0
-1039.638136 -762.197306 0.0
-1022.236141 -772.116933 0.0
-1009.600418 -780.199765 0.0
-999.567465 -787.610907 0.0
-995.782179 -793.276288 0.0
-994.759429 -798.113267 0.0
-998.672559 -806.675277 0.0
-1003.597321 -811.701287 0.0
-1015.51458 -815.415198 0.0
-1031.41167 -811.690168 0.0
-1038.493101 -822.687346 0.0
-1023.941149 -840.656446 0.0
-1012.713135 -856.223736 0.0
-1006.020794 -871.246171 0.0
-1001.851977 -877.584281 0.0
-995.515374 -881.020205 0.0
-977.172579 -879.3634 0.0
-979.929556 -890.271623 0.0
-983.742635 -917.036241 0.0
-980.907839 -930.034928 0.0
-976.127595 -939.241868 0.0
-980.896722 -968.764121 0.0
-993.536576 -998.141821 0.0
-1006.343182 -1012.252457 0.0
-1041.305663 -1036.381756 0.0
-1097.60137 -1063.302048 0.0
-1214.472771 -1063.791306 0.0
-1241.219902 -1053.950555 0.0
-1265.021069 -1050.33672 0.0
-1294.569646 -1050.99277 0.0
-1311.144863 -1056.574755 0.0
-1349.386813 -996.006878 0.0
-1350.698601 -961.047193 0.0
-1344.628803 -960.557936 0.0
-1348.175077 -889.860201 0.0
-1279.806474 -887.669661 0.0
-1278.372401 -892.990339 0.0
-1277.483054 -894.630464 0.0
-1272.430447 -897.977431 0.0
-1268.806355 -898.516726 0.0
-1266.944284 -898.466689 0.0
-1263.475828 -897.098991 0.0
-1260.685499 -894.630464 0.0
-1237.317889 -906.005705 0.0
-1225.845304 -922.395837 0.0
-1225.678552 -929.55679 0.0
-1159.644487 -928.144615 0.0
-1225.677143 -929.619853 0.0
-1224.922606 -963.393406 0.0
-1304.263535 -965.861934 0.0
-1304.852728 -948.715676 0.0
-1262.063988 -947.52589 0.0
-1261.908352 -964.549834 0.0
-1224.922606 -963.393406 0.0
-1224.833671 -967.129556 0.0
-1194.829304 -967.718889 0.0
-1184.801909 -978.604872 0.0
-1148.46094 -978.237929 0.0
-1148.016266 -992.0261 0.0
-1157.254365 -997.986148 0.0
-1184.83526 -998.364211 0.0
-1184.801909 -978.604872 0.0
-1194.829304 -967.718889 0.0
-1224.833671 -967.129556 0.0
-1223.432949 -1027.597357 0.0
-1260.874486 -1028.698187 0.0
-1276.682641 -1013.72023 0.0
-1313.357115 -1015.354796 0.0
-1276.682641 -1013.72023 0.0
-1260.874486 -1028.698187 0.0
-1223.432949 -1027.597357 0.0
-1260.874486 -1028.698187 0.0
-1276.682641 -1013.72023 0.0
-1313.357115 -1015.354796 0.0
-1337.170732 -1015.354796 0.0
-1349.386813 -996.006878 0.0
-1350.698601 -961.047193 0.0
-1344.628803 -960.557936 0.0
-1348.175077 -889.860201 0.0
-1387.46201 -893.474037 0.0
-1435.455351 -902.470696 0.0
-1562.341113 -933.971229 0.0
-1607.797896 -938.530221 0.0
-1604.240505 -986.121649 0.0
-1571.212703 -1125.054625 0.0
-1545.960234 -1219.173653 0.0
-1532.678731 -1281.218046 0.0
-1522.075897 -1322.052642 0.0
-1517.673626 -1344.080357 0.0
-1515.500283 -1363.294841 0.0
-1511.790695 -1385.021888 0.0
-1475.196158 -1371.034007 0.0
-1426.944409 -1347.737105 0.0
-1348.087532 -1304.104338 0.0
-1305.76431 -1280.287828 0.0
-1272.869563 -1266.032638 0.0
-1228.001973 -1254.724114 0.0
-1190.949525 -1251.821927 0.0
-1152.551939 -1256.392038 0.0
-1121.113499 -1263.80874 0.0
-1092.276401 -1274.338899 0.0
-1061.204817 -1291.941056 0.0
-1025.108418 -1321.474429 0.0
-1005.075862 -1342.556987 0.0
-968.746009 -1392.67254 0.0
-944.662787 -1427.246117 0.0
-1036.758873 -1487.633008 0.0
-1060.437754 -1440.508598 0.0
-1012.757602 -1419.8597 0.0
-1040.060576 -1363.361558 0.0
-1046.930787 -1365.93016 0.0
-1092.42092 -1388.046831 0.0
-1105.904691 -1361.414095 0.0
-1109.996653 -1353.331775 0.0
-1114.020952 -1350.574141 0.0
-1120.880046 -1349.306519 0.0
-1136.610382 -1357.056805 0.0
-1142.024286 -1357.968604 0.0
-1163.068476 -1357.801811 0.0
-1170.972553 -1359.002716 0.0
-1176.642144 -1364.506865 0.0
-1186.480553 -1393.361949 0.0
-1184.990896 -1400.889845 0.0
-1179.510291 -1412.342923 0.0
-1162.923957 -1404.625995 0.0
-1179.510291 -1412.342923 0.0
-1184.990896 -1400.889845 0.0
-1186.480553 -1393.361949 0.0
-1176.642144 -1364.506865 0.0
-1170.972553 -1359.002716 0.0
-1163.068476 -1357.801811 0.0
-1142.024286 -1357.968604 0.0
-1136.610382 -1357.056805 0.0
-1120.880046 -1349.306519 0.0
-1114.020952 -1350.574141 0.0
-1109.996653 -1353.331775 0.0
-1105.904691 -1361.414095 0.0
-1092.42092 -1388.046831 0.0
-1046.930787 -1365.93016 0.0
-1040.060576 -1363.361558 0.0
-1012.757602 -1419.8597 0.0
-1060.437754 -1440.508598 0.0
-1158.454985 -1485.865008 0.0
-1168.371211 -1466.405896 0.0
-1158.454985 -1485.865008 0.0
-1094.333018 -1456.46507 0.0
-1060.437754 -1440.508598 0.0
-1036.758873 -1487.633008 0.0
-1069.913076 -1507.969038 0.0
-1205.376742 -1507.969038 0.0
-1243.243168 -1431.724198 0.0
-1325.129855 -1476.62471 0.0
-1243.243168 -1431.724198 0.0
-1227.268261 -1423.395698 0.0
-1242.542807 -1392.68366 0.0
-1227.268261 -1423.395698 0.0
-1243.243168 -1431.724198 0.0
-1205.376742 -1507.969038 0.0
-1039.292217 -1504.861901 0.0
-842.659273 -1381.958037 0.0
-784.528756 -1349.339877 0.0
-724.575606 -1333.027582 0.0
-622.745298 -1290.929182 0.0
-589.271897 -1273.207751 0.0
-595.84883 -1260.242173 0.0
-655.952439 -1290.450012 0.0
-686.820104 -1230.356027 0.0
-647.246826 -1209.612332 0.0
-642.177545 -1216.473059 0.0
-628.759512 -1219.453083 0.0
-609.082694 -1208.422547 0.0
-626.969699 -1174.730484 0.0
-643.667202 -1184.271009 0.0
-647.246826 -1209.612332 0.0
-729.822758 -1252.444618 0.0
-722.874729 -1264.431431 0.0
-748.032151 -1277.641389 0.0
-752.801278 -1274.016434 0.0
-745.07507 -1207.077088 0.0
-771.844435 -1203.051832 0.0
-775.757565 -1202.462499 0.0
-783.216968 -1195.901998 0.0
-844.937697 -1189.341497 0.0
-855.031793 -1194.411986 0.0
-903.979265 -1160.419697 0.0
-947.212679 -1136.268159 0.0
-903.979265 -1160.419697 0.0
-855.031793 -1194.411986 0.0
-844.937697 -1189.341497 0.0
-783.216968 -1195.901998 0.0
-775.757565 -1202.462499 0.0
-771.760868 -1202.462499 0.0
-756.03628 -1091.512201 0.0
-686.052836 -1103.2887 0.0
-648.191758 -1110.459816 0.0
-647.435813 -1107.941251 0.0
-642.577751 -1091.289811 0.0
-643.600501 -1080.681815 0.0
-684.710597 -1049.513877 0.0
-727.010196 -1050.370078 0.0
-806.984785 -1033.412852 0.0
-727.010196 -1050.370078 0.0
-684.710597 -1049.513877 0.0
-643.600501 -1080.681815 0.0
-642.577751 -1091.289811 0.0
-647.435813 -1107.941251 0.0
-646.679867 -1105.422686 0.0
-554.788019 -1124.214629 0.0
-528.274342 -1128.417797 0.0
-487.64227 -1128.595709 0.0
-469.388409 -1127.205772 0.0
-452.568621 -1129.474149 0.0
-435.960053 -1137.76929 0.0
-417.672842 -1149.600431 0.0
-421.552621 -1152.430341 0.0
-425.4324 -1155.260252 0.0
-439.61154 -1169.589138 0.0
-459.227612 -1188.162831 0.0
-471.561752 -1196.630325 0.0
-482.53787 -1202.77198 0.0
-476.736644 -1213.626469 0.0
-455.125496 -1249.453475 0.0
-443.897481 -1252.433499 0.0
-428.389481 -1253.122907 0.0
-419.451537 -1256.703384 0.0
-414.382255 -1264.353595 0.0
-401.64235 -1297.812148 0.0
-371.482347 -1298.634991 0.0
-327.793143 -1322.942202 0.0
-297.043947 -1349.92921 0.0
-271.419617 -1372.412825 0.0
-242.727038 -1408.768006 0.0
-214.034459 -1445.123187 0.0
-204.774126 -1452.673323 0.0
-191.500612 -1456.843132 0.0
-169.367189 -1456.843132 0.0
-152.041116 -1452.732681 0.0
-110.750104 -1507.969038 0.0
-30.639852 -1457.98844 0.0
-59.02116 -1412.17613 0.0
-65.271555 -1412.17613 0.0
-72.783815 -1410.65276 0.0
-79.053716 -1406.382875 0.0
-82.133082 -1401.579254 0.0
-84.767775 -1394.801923 0.0
-83.278117 -1382.020066 0.0
-70.427044 -1370.989529 0.0
-63.845871 -1370.055492 0.0
-55.063563 -1372.112598 0.0
-49.071583 -1376.382483 0.0
-44.280222 -1383.921499 0.0
-37.643465 -1380.063036 0.0
-31.684836 -1380.218708 0.0
-17.666493 -1388.714001 0.0
-5.893753 -1383.943738 0.0
29.958075 -1411.686873 0.0
10.803749 -1432.991821 0.0
-24.525587 -1401.390222 0.0
-17.666493 -1388.714001 0.0
-31.684836 -1380.218708 0.0
-37.643465 -1380.063036 0.0
-44.280222 -1383.921499 0.0
-43.413108 -1390.359686 0.0
-44.836064 -1399.955808 0.0
-48.982648 -1406.04929 0.0
-54.452136 -1410.107905 0.0
-59.02116 -1412.17613 0.0
-30.639852 -1457.98844 0.0
-21.690791 -1452.373096 0.0
-5.793702 -1479.982797 0.0
54.337318 -1419.42604 0.0
99.934743 -1406.994208 0.0
220.131389 -1507.969038 0.0
192.647802 -1507.969038 0.0
191.018938 -1496.628677 0.0
135.9572 -1445.545728 0.0
112.973122 -1437.206108 0.0
91.567635 -1428.1882 0.0
79.728194 -1426.787144 0.0
57.983643 -1426.764905 0.0
49.812762 -1430.345381 0.0
8.213524 -1473.678044 0.0
-2.536466 -1485.39799 0.0
11.008326 -1507.969038 0.0
-1.428105 -1507.969038 0.0
-30.639852 -1457.98844 0.0
-110.357104 -1507.969038 0.0
-118.068629 -1507.969038 0.0
-130.824867 -1490.835421 0.0
-140.963431 -1496.061583 0.0
-149.756856 -1481.895349 0.0
-192.044669 -1507.969038 0.0
-414.495646 -1507.969038 0.0
-915.975782 -1507.969038 0.0
-930.82089 -1489.084101 0.0
-938.274735 -1469.919656 0.0
-938.274735 -1450.456773 0.0
-936.542766 -1438.512523 0.0
-936.195885 -1421.694416 0.0
-926.129581 -1424.602163 0.0
-902.878698 -1434.670864 0.0
-884.524785 -1451.717046 0.0
-866.382093 -1475.546119 0.0
-841.190303 -1507.969038 0.0
-862.901872 -1507.969038 0.0
-905.202118 -1458.555534 0.0
-917.953141 -1441.442635 0.0
-933.574547 -1420.239432 0.0
-957.117789 -1386.690253 0.0
-1014.091624 -1311.889426 0.0
-1050.065737 -1283.056581 0.0
-1082.015552 -1265.387708 0.0
-1139.934319 -1244.483061 0.0
-1169.816826 -1239.579365 0.0
-1218.052395 -1239.579365 0.0
-1267.922566 -1250.109525 0.0
-1323.747811 -1273.373022 0.0
-1387.650996 -1306.073931 0.0
-1452.829064 -1334.606549 0.0
-1515.594776 -1361.916023 0.0
-1517.673626 -1344.080357 0.0
-1522.075897 -1322.052642 0.0
-1532.678731 -1281.218046 0.0
-1545.960234 -1219.173653 0.0
-1571.212703 -1125.054625 0.0
-1604.240505 -986.121649 0.0
-1607.797896 -938.530221 0.0
-1588.298948 -849.140619 0.0
-1554.3481 -785.592719 0.0
-1509.569445 -726.61493 0.0
-1448.526844 -660.031408 0.0
-1457.175751 -640.049679 0.0
-1503.355128 -585.208341 0.0
-1513.704912 -603.922448 0.0
-1526.033494 -637.859139 0.0
-1560.69582 -671.406649 0.0
-1622.416548 -671.58456 0.0
-1622.561067 -692.055546 0.0
-1550.78441 -692.055546 0.0
-1508.357709 -646.510104 0.0
-1551.00193 -692.289056 0.0
-1622.561067 -692.055546 0.0
-1622.416548 -671.58456 0.0
-1645.537763 -671.58456 0.0
-1645.537763 -553.533973 0.0
-1555.659888 -550.938065 0.0
-1554.70384 -439.754258 0.0
-1537.472728 -439.765377 0.0
-1537.53943 -535.91563 0.0
-1554.770541 -535.904511 0.0
-1555.659888 -550.938065 0.0
-1529.624235 -560.678741 0.0
-1503.355128 -585.208341 0.0
-1457.175751 -640.049679 0.0
-1415.532046 -607.947704 0.0
-1396.889095 -582.17272 0.0
-1381.659016 -561.112401 0.0
-1371.620505 -536.860787 0.0
-1362.86043 -489.091447 0.0
-1380.147125 -495.15157 0.0
-1392.531292 -510.50759 0.0
-1400.579888 -528.843633 0.0
-1423.391656 -564.770714 0.0
-1443.440887 -584.452216 0.0
-1451.04481 -589.222478 0.0
-1463.934793 -590.857044 0.0
-1473.184009 -586.387008 0.0
-1507.468361 -547.624456 0.0
-1511.94845 -537.194372 0.0
-1511.498218 -531.150928 0.0
-1511.047986 -525.107484 0.0
-1504.466813 -514.165903 0.0
-1466.769589 -479.795551 0.0
-1453.562776 -463.705645 0.0
-1435.364499 -419.172077 0.0
-1434.130529 -410.810218 0.0
-1437.387765 -398.912361 0.0
-1440.533832 -392.129471 0.0
-1466.62507 -371.847516 0.0
-1473.784318 -362.462664 0.0
-1477.508462 -352.621913 0.0
-1475.863169 -340.546144 0.0
-1466.936341 -314.482053 0.0
-1463.97926 -301.861429 0.0
-1462.271865 -264.708034 0.0
-1461.255633 -242.594533 0.0
-1458.315204 -205.840227 0.0
-1456.742194 -190.811056 0.0
-1459.899378 -182.40472 0.0
-1469.004075 -176.244521 0.0
-1485.557058 -169.984246 0.0
-1502.254561 -166.859669 0.0
-1575.759146 -165.51421 0.0
-1591.411665 -173.564723 0.0
-1607.586675 -191.455987 0.0
-1611.988946 -198.016487 0.0
-1627.641465 -235.43358 0.0
-1645.537763 -261.907714 0.0
-1645.537763 -167.636004 0.0
-1619.214896 -142.552458 0.0
-1587.520769 -135.302549 0.0
-1556.460301 -131.55528 0.0
-1533.748585 -130.45445 0.0
-1512.93785 -125.85098 0.0
-1495.740089 -115.676644 0.0
-1489.325669 -105.958208 0.0
-1488.314036 -87.700001 0.0
-1500.164594 -73.489289 0.0
-1508.368826 -62.269721 0.0
-1518.273936 -44.97891 0.0
-1521.998079 -33.170009 0.0
-1529.979974 -28.388627 0.0
-1551.113098 -27.020929 0.0
-1574.836447 -23.551647 0.0
-1586.375734 -17.969662 0.0
-1592.289896 -2.102146 0.0
-1589.544035 32.368281 0.0
-1532.187198 30.998201 0.0
-1485.412539 29.310421 0.0
-1483.18917 11.263484 0.0
-1488.402971 -7.661892 0.0
-1485.0568 -31.81343 0.0
-1477.452877 -57.610653 0.0
-1463.13438 -72.822119 0.0
-1458.520889 -101.143467 0.0
-1463.13438 -72.822119 0.0
-1477.452877 -57.610653 0.0
-1485.0568 -31.81343 0.0
-1488.402971 -7.661892 0.0
-1483.18917 11.263484 0.0
-1446.064463 -0.512059 0.0
-1434.063828 7.316064 0.0
-1430.573138 17.318048 0.0
-1429.839427 22.394096 0.0
-1416.599263 20.514902 0.0
-1383.282076 12.909169 0.0
-1375.533634 11.118931 0.0
-1352.121557 -0.356386 0.0
-1303.96338 -34.204121 0.0
-1262.219624 -72.221667 0.0
-1239.241104 -96.195293 0.0
-1227.757402 -106.758811 0.0
-1191.772172 -147.155928 0.0
-1102.086277 -234.217998 0.0
-1084.00634 -251.768995 0.0
-1162.079076 -337.56612 0.0
-1206.768797 -299.137154 0.0
-1217.274216 -283.936807 0.0
-1216.040246 -268.519631 0.0
-1193.361881 -240.593025 0.0
-1176.825572 -230.752274 0.0
-1158.054778 -230.529884 0.0
-1106.975383 -277.010557 0.0
-1084.00634 -251.768995 0.0
-1057.8094 -222.980172 0.0
-1038.726554 -211.093011 0.0
-1023.407541 -211.826897 0.0
-1007.221413 -223.60244 0.0
-870.97335 -381.821701 0.0
-770.577115 -474.76954 0.0
-702.197396 -519.681171 0.0
-657.730012 -554.76317 0.0
-601.645524 -607.947704 0.0
-590.250757 -615.998217 0.0
-560.980102 -621.580202 0.0
-535.277954 -607.947704 0.0
-524.43903 -588.95561 0.0
-520.748237 -558.610515 0.0
