2095 1165 35 2095 1175 35 2095 1185 35 2105 1165 35 2105 1175 35 2105 1185 35 2115 1165 35 2115 1175 35 2115 1185 35 2125 1165 35 2125 1175 35 2125 1185 35 
2155 1115 35 2155 1125 35 2155 1135 35 2155 1145 35 2165 1115 35 2165 1125 35 2165 1135 35 2165 1145 35 2175 1115 35 2175 1125 35 2175 1135 35 2175 1145 35 2185 1115 35 2185 1125 35 2185 1135 35 2185 1145 35 2195 1115 35 2195 1125 35 2195 1135 35 2195 1145 35 
2095 1065 35 2095 1075 35 2095 1085 35 2095 1095 35 2105 1065 35 2105 1075 35 2105 1085 35 2105 1095 35 2115 1065 35 2115 1075 35 2115 1085 35 2115 1095 35 2125 1065 35 2125 1075 35 2125 1085 35 2125 1095 35 
2155 1065 120 2155 1075 120 2155 1085 120 2155 1095 120 2165 1065 120 2165 1075 120 2165 1085 120 2165 1095 120 2175 1065 120 2175 1075 120 2175 1085 120 2175 1095 120 2185 1065 120 2185 1075 120 2185 1085 120 2185 1095 120 2195 1065 120 2195 1075 120 2195 1085 120 2195 1095 120 
2095 1115 120 2095 1125 120 2095 1135 120 2095 1145 120 2105 1115 120 2105 1125 120 2105 1135 120 2105 1145 120 2115 1115 120 2115 1125 120 2115 1135 120 2115 1145 120 2125 1115 120 2125 1125 120 2125 1135 120 2125 1145 120 
2155 1205 120 2155 1215 120 2155 1225 120 2155 1235 120 2165 1205 120 2165 1215 120 2165 1225 120 2165 1235 120 2175 1205 120 2175 1215 120 2175 1225 120 2175 1235 120 2185 1205 120 2185 1215 120 2185 1225 120 2185 1235 120 2195 1205 120 2195 1215 120 2195 1225 120 2195 1235 120 
2155 1165 70 2155 1175 70 2155 1185 70 2165 1165 70 2165 1175 70 2165 1185 70 2175 1165 70 2175 1175 70 2175 1185 70 2185 1165 70 2185 1175 70 2185 1185 70 2195 1165 70 2195 1175 70 2195 1185 70 
2095 1205 70 2095 1215 70 2095 1225 70 2095 1235 70 2105 1205 70 2105 1215 70 2105 1225 70 2105 1235 70 2115 1205 70 2115 1215 70 2115 1225 70 2115 1235 70 2125 1205 70 2125 1215 70 2125 1225 70 2125 1235 70 
1935 1095 35 1935 1105 35 1935 1115 35 1935 1125 35 1945 1095 35 1945 1105 35 1945 1115 35 1945 1125 35 1955 1095 35 1955 1105 35 1955 1115 35 1955 1125 35 1965 1095 35 1965 1105 35 1965 1115 35 1965 1125 35 1975 1095 35 1975 1105 35 1975 1115 35 1975 1125 35 1985 1095 35 1985 1105 35 1985 1115 35 1985 1125 35 
1885 1165 35 1885 1175 35 1885 1185 35 1895 1165 35 1895 1175 35 1895 1185 35 1905 1165 35 1905 1175 35 1905 1185 35 1915 1165 35 1915 1175 35 1915 1185 35 1925 1165 35 1925 1175 35 1925 1185 35 1935 1165 35 1935 1175 35 1935 1185 35 
1935 1215 35 1935 1225 35 1935 1235 35 1945 1215 35 1945 1225 35 1945 1235 35 1955 1215 35 1955 1225 35 1955 1235 35 1965 1215 35 1965 1225 35 1965 1235 35 1975 1215 35 1975 1225 35 1975 1235 35 1985 1215 35 1985 1225 35 1985 1235 35 
1965 1155 120 1965 1165 120 1965 1175 120 1965 1185 120 1975 1155 120 1975 1165 120 1975 1175 120 1975 1185 120 1985 1155 120 1985 1165 120 1985 1175 120 1985 1185 120 
1875 1045 70 1875 1055 70 1875 1065 70 1885 1045 70 1885 1055 70 1885 1065 70 1895 1045 70 1895 1055 70 1895 1065 70 1905 1045 70 1905 1055 70 1905 1065 70 1915 1045 70 1915 1055 70 1915 1065 70 1925 1045 70 1925 1055 70 1925 1065 70 1935 1045 70 1935 1055 70 1935 1065 70 1945 1045 70 1945 1055 70 1945 1065 70 1955 1045 70 1955 1055 70 1955 1065 70 1965 1045 70 1965 1055 70 1965 1065 70 1975 1045 70 1975 1055 70 1975 1065 70 1985 1045 70 1985 1055 70 1985 1065 70 
1885 1205 70 1885 1215 70 1885 1225 70 1885 1235 70 1895 1205 70 1895 1215 70 1895 1225 70 1895 1235 70 
1875 1095 70 1875 1105 70 1875 1115 70 1875 1125 70 1875 1135 70 1885 1095 70 1885 1105 70 1885 1115 70 1885 1125 70 1885 1135 70 1895 1095 70 1895 1105 70 1895 1115 70 1895 1125 70 1895 1135 70 
2335 1065 35 2335 1075 35 2335 1135 35 2335 1145 35 2335 1205 35 2335 1215 35 2335 1225 35 2335 1235 35 2345 1065 35 2345 1075 35 2345 1135 35 2345 1145 35 2345 1205 35 2345 1215 35 2345 1225 35 2345 1235 35 2355 1065 35 2355 1075 35 2355 1085 35 2355 1095 35 2355 1105 35 2355 1115 35 2355 1125 35 2355 1135 35 2355 1145 35 2355 1155 35 2355 1165 35 2355 1175 35 2355 1185 35 2355 1195 35 2355 1205 35 2355 1215 35 2355 1225 35 2355 1235 35 2365 1065 35 2365 1075 35 2365 1085 35 2365 1095 35 2365 1105 35 2365 1115 35 2365 1125 35 2365 1135 35 2365 1145 35 2365 1155 35 2365 1165 35 2365 1175 35 2365 1185 35 2365 1195 35 2365 1205 35 2365 1215 35 2365 1225 35 2365 1235 35 2375 1155 35 2375 1165 35 2375 1175 35 2375 1185 35 2375 1195 35 2375 1205 35 2375 1215 35 2375 1225 35 2375 1235 35 
2405 1205 35 2405 1215 35 2405 1225 35 2405 1235 35 2415 1205 35 2415 1215 35 2415 1225 35 2415 1235 35 2425 1205 35 2425 1215 35 2425 1225 35 2425 1235 35 
2405 1165 60 2405 1175 60 2405 1185 60 2405 1195 60 2415 1165 60 2415 1175 60 2415 1185 60 2415 1195 60 2425 1165 60 2425 1175 60 2425 1185 60 2425 1195 60 
2385 1095 70 2385 1105 70 2395 1095 70 2395 1105 70 2405 1065 70 2405 1075 70 2405 1085 70 2405 1095 70 2405 1105 70 2405 1115 70 2405 1125 70 2405 1135 70 2405 1145 70 2415 1065 70 2415 1075 70 2415 1085 70 2415 1095 70 2415 1105 70 2415 1115 70 2415 1125 70 2415 1135 70 2415 1145 70 2425 1065 70 2425 1075 70 2425 1085 70 2425 1095 70 2425 1105 70 2425 1115 70 2425 1125 70 2425 1135 70 2425 1145 70 
